F-lost	   TF_cost	min-1	mean-1	max-1	w-mean-1	ext2-1	min-2	mean-2	max-2	w-mean-2	ext2-2	
0.0000	1.1028e+05	1.0000	1.0001	1.0001	1.0001	-0.0000	1.0000	1.0000	1.0000	1.0000	-0.0000	
0.0010	1.1017e+05	1.0000	1.0000	1.0001	1.0000	-0.0000	1.0000	1.0000	1.0000	1.0000	-0.0000	
0.0020	1.1006e+05	1.0000	1.0000	1.0001	1.0000	-0.0000	1.0000	1.0000	1.0000	1.0000	0.0000	
0.0030	1.0995e+05	1.0000	1.0000	1.0001	1.0000	-0.0000	0.9999	1.0000	1.0000	1.0000	0.0000	
0.0040	1.0984e+05	1.0000	1.0000	1.0000	1.0000	-0.0000	0.9999	1.0000	1.0000	1.0000	0.0000	
0.0050	1.0973e+05	0.9999	1.0000	1.0000	1.0000	0.0000	0.9999	0.9999	1.0000	0.9999	0.0000	
0.0060	1.0962e+05	0.9999	1.0000	1.0000	1.0000	0.0000	0.9999	0.9999	1.0000	0.9999	0.0000	
0.0070	1.0951e+05	0.9999	0.9999	1.0000	0.9999	0.0000	0.9998	0.9999	0.9999	0.9999	0.0000	
0.0080	1.094e+05 	0.9998	0.9999	1.0000	0.9999	0.0000	0.9998	0.9999	0.9999	0.9999	0.0000	
0.0090	1.0929e+05	0.9998	0.9999	1.0000	0.9999	0.0000	0.9998	0.9998	0.9999	0.9998	0.0000	
0.0100	1.0918e+05	0.9998	0.9999	1.0000	0.9999	0.0000	0.9998	0.9998	0.9999	0.9998	0.0000	
0.0110	1.0907e+05	0.9997	0.9998	0.9999	0.9998	0.0000	0.9997	0.9998	0.9998	0.9998	0.0001	
0.0120	1.0896e+05	0.9997	0.9998	0.9999	0.9998	0.0000	0.9997	0.9998	0.9998	0.9998	0.0001	
0.0130	1.0885e+05	0.9997	0.9998	0.9999	0.9998	0.0001	0.9997	0.9997	0.9998	0.9997	0.0001	
0.0140	1.0874e+05	0.9996	0.9998	0.9999	0.9998	0.0001	0.9996	0.9997	0.9998	0.9997	0.0001	
0.0150	1.0863e+05	0.9996	0.9997	0.9999	0.9997	0.0001	0.9996	0.9997	0.9997	0.9997	0.0001	
0.0160	1.0852e+05	0.9995	0.9997	0.9999	0.9997	0.0001	0.9996	0.9996	0.9997	0.9996	0.0001	
0.0170	1.0841e+05	0.9994	0.9997	0.9998	0.9997	0.0001	0.9995	0.9996	0.9997	0.9996	0.0001	
0.0180	1.083e+05 	0.9994	0.9996	0.9998	0.9996	0.0001	0.9995	0.9996	0.9997	0.9996	0.0001	
0.0190	1.0819e+05	0.9993	0.9996	0.9998	0.9996	0.0001	0.9995	0.9996	0.9996	0.9996	0.0001	
0.0200	1.0808e+05	0.9992	0.9996	0.9998	0.9996	0.0001	0.9994	0.9995	0.9996	0.9995	0.0001	
0.0210	1.0797e+05	0.9991	0.9995	0.9997	0.9995	0.0001	0.9994	0.9995	0.9996	0.9995	0.0001	
0.0220	1.0786e+05	0.9991	0.9995	0.9997	0.9995	0.0001	0.9994	0.9995	0.9995	0.9995	0.0001	
0.0230	1.0775e+05	0.9990	0.9995	0.9997	0.9995	0.0001	0.9993	0.9994	0.9995	0.9994	0.0001	
0.0240	1.0764e+05	0.9989	0.9994	0.9997	0.9994	0.0001	0.9993	0.9994	0.9994	0.9994	0.0002	
0.0250	1.0753e+05	0.9988	0.9994	0.9997	0.9994	0.0002	0.9993	0.9993	0.9994	0.9993	0.0002	
0.0260	1.0742e+05	0.9987	0.9993	0.9997	0.9993	0.0002	0.9992	0.9993	0.9994	0.9993	0.0002	
0.0269	1.0731e+05	0.9986	0.9993	0.9997	0.9993	0.0002	0.9992	0.9993	0.9993	0.9993	0.0002	
0.0279	1.072e+05 	0.9984	0.9992	0.9997	0.9992	0.0002	0.9991	0.9992	0.9993	0.9992	0.0002	
0.0289	1.0709e+05	0.9983	0.9992	0.9996	0.9992	0.0002	0.9991	0.9992	0.9993	0.9992	0.0002	
0.0299	1.0698e+05	0.9982	0.9991	0.9996	0.9991	0.0002	0.9990	0.9992	0.9992	0.9991	0.0002	
0.0309	1.0687e+05	0.9980	0.9991	0.9996	0.9991	0.0002	0.9990	0.9991	0.9992	0.9991	0.0002	
0.0319	1.0676e+05	0.9979	0.9990	0.9996	0.9990	0.0003	0.9989	0.9991	0.9991	0.9990	0.0002	
0.0329	1.0665e+05	0.9977	0.9989	0.9996	0.9989	0.0003	0.9989	0.9990	0.9991	0.9990	0.0002	
0.0339	1.0654e+05	0.9975	0.9989	0.9996	0.9989	0.0003	0.9988	0.9990	0.9991	0.9990	0.0003	
0.0349	1.0643e+05	0.9974	0.9988	0.9996	0.9988	0.0003	0.9987	0.9989	0.9990	0.9989	0.0003	
0.0359	1.0632e+05	0.9972	0.9988	0.9996	0.9988	0.0003	0.9987	0.9989	0.9990	0.9989	0.0003	
0.0369	1.0621e+05	0.9970	0.9987	0.9996	0.9987	0.0003	0.9986	0.9988	0.9990	0.9988	0.0003	
0.0379	1.061e+05 	0.9969	0.9986	0.9996	0.9986	0.0003	0.9985	0.9988	0.9989	0.9987	0.0003	
0.0389	1.0599e+05	0.9967	0.9986	0.9996	0.9986	0.0004	0.9984	0.9987	0.9989	0.9987	0.0003	
0.0399	1.0588e+05	0.9965	0.9985	0.9996	0.9985	0.0004	0.9984	0.9986	0.9988	0.9986	0.0003	
0.0409	1.0577e+05	0.9963	0.9985	0.9996	0.9985	0.0004	0.9983	0.9986	0.9988	0.9986	0.0004	
0.0419	1.0566e+05	0.9961	0.9984	0.9996	0.9984	0.0004	0.9982	0.9985	0.9987	0.9985	0.0004	
0.0429	1.0555e+05	0.9960	0.9983	0.9996	0.9983	0.0004	0.9981	0.9985	0.9987	0.9984	0.0004	
0.0439	1.0544e+05	0.9958	0.9983	0.9995	0.9983	0.0004	0.9980	0.9984	0.9987	0.9984	0.0004	
0.0449	1.0533e+05	0.9956	0.9982	0.9995	0.9982	0.0004	0.9980	0.9983	0.9986	0.9983	0.0004	
0.0459	1.0522e+05	0.9954	0.9981	0.9995	0.9981	0.0005	0.9979	0.9983	0.9986	0.9982	0.0004	
0.0469	1.0511e+05	0.9952	0.9981	0.9995	0.9981	0.0005	0.9978	0.9982	0.9985	0.9982	0.0005	
0.0479	1.05e+05  	0.9950	0.9980	0.9995	0.9980	0.0005	0.9977	0.9981	0.9985	0.9981	0.0005	
0.0489	1.0489e+05	0.9948	0.9979	0.9995	0.9979	0.0005	0.9976	0.9981	0.9984	0.9980	0.0005	
0.0499	1.0478e+05	0.9946	0.9978	0.9995	0.9978	0.0005	0.9975	0.9980	0.9984	0.9980	0.0005	
0.0509	1.0467e+05	0.9943	0.9978	0.9995	0.9978	0.0006	0.9974	0.9979	0.9983	0.9979	0.0005	
0.0519	1.0456e+05	0.9941	0.9977	0.9995	0.9977	0.0006	0.9973	0.9978	0.9983	0.9978	0.0005	
0.0529	1.0445e+05	0.9939	0.9976	0.9994	0.9976	0.0006	0.9972	0.9978	0.9982	0.9978	0.0006	
0.0539	1.0434e+05	0.9937	0.9975	0.9994	0.9975	0.0006	0.9972	0.9977	0.9982	0.9977	0.0006	
0.0549	1.0423e+05	0.9934	0.9974	0.9994	0.9974	0.0006	0.9971	0.9976	0.9981	0.9976	0.0006	
0.0559	1.0412e+05	0.9932	0.9973	0.9994	0.9973	0.0007	0.9970	0.9975	0.9981	0.9975	0.0006	
0.0569	1.0401e+05	0.9930	0.9973	0.9993	0.9973	0.0007	0.9969	0.9975	0.9980	0.9975	0.0006	
0.0579	1.039e+05 	0.9927	0.9972	0.9993	0.9972	0.0007	0.9968	0.9974	0.9980	0.9974	0.0007	
0.0589	1.0379e+05	0.9925	0.9971	0.9993	0.9971	0.0007	0.9967	0.9973	0.9979	0.9973	0.0007	
0.0599	1.0368e+05	0.9922	0.9970	0.9993	0.9970	0.0008	0.9965	0.9972	0.9979	0.9972	0.0007	
0.0609	1.0357e+05	0.9919	0.9969	0.9992	0.9969	0.0008	0.9964	0.9971	0.9978	0.9971	0.0007	
0.0619	1.0346e+05	0.9917	0.9968	0.9992	0.9968	0.0008	0.9963	0.9970	0.9977	0.9970	0.0007	
0.0629	1.0335e+05	0.9914	0.9967	0.9991	0.9967	0.0008	0.9962	0.9970	0.9977	0.9969	0.0008	
0.0639	1.0324e+05	0.9911	0.9966	0.9991	0.9966	0.0009	0.9961	0.9969	0.9976	0.9969	0.0008	
0.0649	1.0313e+05	0.9909	0.9965	0.9991	0.9965	0.0009	0.9959	0.9968	0.9975	0.9968	0.0008	
0.0658	1.0302e+05	0.9906	0.9964	0.9990	0.9964	0.0009	0.9958	0.9967	0.9974	0.9967	0.0008	
0.0668	1.0291e+05	0.9904	0.9963	0.9990	0.9963	0.0009	0.9957	0.9966	0.9974	0.9965	0.0009	
0.0678	1.028e+05 	0.9901	0.9962	0.9989	0.9962	0.0010	0.9955	0.9965	0.9973	0.9964	0.0009	
0.0688	1.0269e+05	0.9898	0.9961	0.9989	0.9961	0.0010	0.9954	0.9964	0.9972	0.9963	0.0009	
0.0698	1.0258e+05	0.9895	0.9960	0.9989	0.9960	0.0010	0.9952	0.9963	0.9971	0.9962	0.0009	
0.0708	1.0247e+05	0.9892	0.9959	0.9988	0.9959	0.0010	0.9951	0.9962	0.9971	0.9961	0.0010	
0.0718	1.0236e+05	0.9889	0.9958	0.9988	0.9958	0.0011	0.9949	0.9961	0.9970	0.9960	0.0010	
0.0728	1.0225e+05	0.9886	0.9957	0.9988	0.9957	0.0011	0.9948	0.9959	0.9969	0.9959	0.0010	
0.0738	1.0214e+05	0.9883	0.9956	0.9987	0.9956	0.0011	0.9947	0.9959	0.9968	0.9958	0.0010	
0.0748	1.0203e+05	0.9880	0.9954	0.9987	0.9954	0.0011	0.9945	0.9958	0.9968	0.9957	0.0011	
0.0758	1.0192e+05	0.9877	0.9953	0.9986	0.9953	0.0012	0.9944	0.9956	0.9967	0.9956	0.0011	
0.0768	1.0181e+05	0.9874	0.9952	0.9986	0.9952	0.0012	0.9942	0.9955	0.9966	0.9955	0.0011	
0.0778	1.017e+05 	0.9871	0.9951	0.9985	0.9951	0.0012	0.9941	0.9954	0.9965	0.9954	0.0012	
0.0788	1.0159e+05	0.9868	0.9950	0.9985	0.9950	0.0013	0.9940	0.9953	0.9964	0.9953	0.0012	
0.0798	1.0148e+05	0.9865	0.9949	0.9984	0.9949	0.0013	0.9938	0.9952	0.9964	0.9951	0.0012	
0.0808	1.0137e+05	0.9862	0.9948	0.9983	0.9948	0.0013	0.9937	0.9951	0.9963	0.9950	0.0012	
0.0818	1.0126e+05	0.9859	0.9946	0.9983	0.9946	0.0013	0.9935	0.9950	0.9962	0.9949	0.0013	
0.0828	1.0115e+05	0.9857	0.9945	0.9982	0.9945	0.0014	0.9933	0.9948	0.9961	0.9948	0.0013	
0.0838	1.0104e+05	0.9853	0.9944	0.9982	0.9944	0.0014	0.9932	0.9947	0.9960	0.9947	0.0013	
0.0848	1.0093e+05	0.9850	0.9943	0.9981	0.9943	0.0014	0.9931	0.9946	0.9959	0.9946	0.0014	
0.0858	1.0082e+05	0.9847	0.9942	0.9981	0.9942	0.0015	0.9929	0.9945	0.9958	0.9944	0.0014	
0.0868	1.0071e+05	0.9844	0.9940	0.9980	0.9940	0.0015	0.9927	0.9943	0.9957	0.9943	0.0014	
0.0878	1.006e+05 	0.9842	0.9939	0.9979	0.9939	0.0015	0.9926	0.9942	0.9956	0.9942	0.0015	
0.0888	1.0049e+05	0.9838	0.9938	0.9979	0.9938	0.0016	0.9924	0.9941	0.9955	0.9940	0.0015	
0.0898	1.0038e+05	0.9835	0.9937	0.9978	0.9937	0.0016	0.9922	0.9940	0.9954	0.9939	0.0015	
0.0908	1.0027e+05	0.9832	0.9935	0.9978	0.9935	0.0016	0.9921	0.9938	0.9953	0.9938	0.0016	
0.0918	1.0016e+05	0.9829	0.9934	0.9977	0.9934	0.0017	0.9919	0.9937	0.9952	0.9936	0.0016	
0.0928	1.0005e+05	0.9826	0.9933	0.9976	0.9933	0.0017	0.9917	0.9935	0.9951	0.9935	0.0016	
0.0938	99941     	0.9823	0.9932	0.9976	0.9932	0.0017	0.9916	0.9934	0.9950	0.9934	0.0017	
0.0948	99831     	0.9819	0.9930	0.9975	0.9930	0.0018	0.9914	0.9933	0.9949	0.9932	0.0017	
0.0958	99721     	0.9817	0.9929	0.9974	0.9929	0.0018	0.9913	0.9931	0.9948	0.9931	0.0017	
0.0968	99611     	0.9813	0.9927	0.9973	0.9927	0.0018	0.9911	0.9930	0.9947	0.9929	0.0018	
0.0978	99501     	0.9809	0.9926	0.9973	0.9926	0.0019	0.9909	0.9928	0.9946	0.9928	0.0018	
0.0988	99391     	0.9807	0.9925	0.9972	0.9925	0.0019	0.9907	0.9927	0.9945	0.9926	0.0018	
0.0998	99281     	0.9802	0.9923	0.9971	0.9923	0.0019	0.9905	0.9925	0.9944	0.9925	0.0019	
0.1008	99171     	0.9799	0.9922	0.9971	0.9922	0.0020	0.9903	0.9923	0.9942	0.9923	0.0019	
0.1018	99061     	0.9796	0.9920	0.9971	0.9920	0.0020	0.9901	0.9922	0.9941	0.9921	0.0020	
0.1028	98951     	0.9792	0.9919	0.9970	0.9919	0.0020	0.9899	0.9920	0.9940	0.9920	0.0020	
0.1038	98841     	0.9788	0.9917	0.9970	0.9917	0.0021	0.9897	0.9918	0.9939	0.9918	0.0020	
0.1047	98731     	0.9785	0.9916	0.9969	0.9916	0.0021	0.9895	0.9917	0.9938	0.9917	0.0021	
0.1057	98621     	0.9781	0.9914	0.9969	0.9914	0.0022	0.9893	0.9915	0.9937	0.9915	0.0021	
0.1067	98511     	0.9778	0.9912	0.9968	0.9912	0.0022	0.9891	0.9913	0.9935	0.9913	0.0022	
0.1077	98401     	0.9775	0.9911	0.9968	0.9911	0.0022	0.9889	0.9912	0.9934	0.9912	0.0022	
0.1087	98291     	0.9771	0.9909	0.9968	0.9909	0.0023	0.9887	0.9910	0.9932	0.9910	0.0023	
0.1097	98181     	0.9768	0.9908	0.9967	0.9908	0.0023	0.9885	0.9908	0.9931	0.9908	0.0023	
0.1107	98071     	0.9764	0.9906	0.9966	0.9906	0.0024	0.9883	0.9906	0.9930	0.9906	0.0024	
0.1117	97961     	0.9761	0.9904	0.9966	0.9904	0.0024	0.9881	0.9904	0.9929	0.9904	0.0024	
0.1127	97851     	0.9757	0.9902	0.9966	0.9902	0.0025	0.9879	0.9902	0.9927	0.9903	0.0024	
0.1137	97741     	0.9754	0.9900	0.9965	0.9900	0.0025	0.9877	0.9900	0.9926	0.9901	0.0025	
0.1147	97631     	0.9750	0.9899	0.9965	0.9899	0.0025	0.9875	0.9898	0.9924	0.9899	0.0025	
0.1157	97521     	0.9747	0.9897	0.9964	0.9897	0.0026	0.9873	0.9896	0.9923	0.9897	0.0026	
0.1167	97411     	0.9744	0.9895	0.9963	0.9895	0.0026	0.9870	0.9894	0.9921	0.9894	0.0026	
0.1177	97301     	0.9741	0.9893	0.9963	0.9893	0.0027	0.9868	0.9892	0.9919	0.9892	0.0027	
0.1187	97191     	0.9738	0.9891	0.9962	0.9891	0.0027	0.9866	0.9889	0.9918	0.9890	0.0028	
0.1197	97081     	0.9735	0.9889	0.9961	0.9889	0.0028	0.9864	0.9887	0.9916	0.9888	0.0028	
0.1207	96971     	0.9732	0.9888	0.9961	0.9888	0.0028	0.9862	0.9884	0.9914	0.9886	0.0029	
0.1217	96861     	0.9730	0.9886	0.9960	0.9886	0.0029	0.9860	0.9882	0.9911	0.9883	0.0029	
0.1227	96751     	0.9728	0.9884	0.9960	0.9884	0.0029	0.9858	0.9879	0.9909	0.9881	0.0030	
0.1237	96641     	0.9725	0.9883	0.9959	0.9883	0.0030	0.9856	0.9876	0.9907	0.9878	0.0031	
0.1247	96531     	0.9723	0.9881	0.9958	0.9881	0.0030	0.9854	0.9873	0.9905	0.9876	0.0031	
0.1257	96421     	0.9721	0.9879	0.9958	0.9879	0.0030	0.9852	0.9870	0.9902	0.9873	0.0032	
0.1267	96311     	0.9719	0.9877	0.9957	0.9877	0.0031	0.9850	0.9868	0.9900	0.9871	0.0033	
0.1277	96201     	0.9717	0.9875	0.9957	0.9875	0.0031	0.9848	0.9865	0.9898	0.9868	0.0033	
0.1287	96091     	0.9713	0.9873	0.9956	0.9873	0.0032	0.9846	0.9863	0.9896	0.9866	0.0034	
0.1297	95981     	0.9710	0.9872	0.9955	0.9872	0.0032	0.9843	0.9860	0.9894	0.9864	0.0034	
0.1307	95871     	0.9707	0.9870	0.9954	0.9870	0.0033	0.9840	0.9858	0.9891	0.9861	0.0035	
0.1317	95761     	0.9703	0.9868	0.9954	0.9868	0.0033	0.9837	0.9855	0.9889	0.9859	0.0035	
0.1327	95651     	0.9700	0.9866	0.9953	0.9866	0.0034	0.9833	0.9853	0.9887	0.9857	0.0036	
0.1337	95541     	0.9696	0.9864	0.9953	0.9864	0.0034	0.9831	0.9851	0.9885	0.9855	0.0037	
0.1347	95431     	0.9693	0.9862	0.9952	0.9862	0.0035	0.9827	0.9848	0.9883	0.9852	0.0037	
0.1357	95321     	0.9690	0.9860	0.9951	0.9860	0.0035	0.9825	0.9846	0.9881	0.9850	0.0038	
0.1367	95211     	0.9686	0.9858	0.9951	0.9858	0.0036	0.9822	0.9844	0.9878	0.9848	0.0038	
0.1377	95101     	0.9683	0.9856	0.9950	0.9856	0.0036	0.9820	0.9841	0.9876	0.9846	0.0039	
0.1387	94991     	0.9680	0.9854	0.9949	0.9854	0.0037	0.9816	0.9839	0.9874	0.9843	0.0039	
0.1397	94881     	0.9676	0.9852	0.9948	0.9852	0.0037	0.9813	0.9836	0.9871	0.9841	0.0040	
0.1407	94771     	0.9673	0.9851	0.9947	0.9851	0.0038	0.9810	0.9833	0.9869	0.9838	0.0041	
0.1417	94661     	0.9670	0.9849	0.9947	0.9849	0.0038	0.9807	0.9831	0.9866	0.9836	0.0041	
0.1427	94551     	0.9667	0.9847	0.9946	0.9847	0.0039	0.9804	0.9828	0.9864	0.9833	0.0042	
0.1436	94441     	0.9663	0.9845	0.9945	0.9845	0.0039	0.9801	0.9826	0.9861	0.9831	0.0043	
0.1446	94331     	0.9660	0.9843	0.9944	0.9843	0.0040	0.9798	0.9823	0.9859	0.9828	0.0043	
0.1456	94221     	0.9657	0.9841	0.9943	0.9841	0.0040	0.9794	0.9820	0.9856	0.9826	0.0044	
0.1466	94111     	0.9654	0.9839	0.9942	0.9839	0.0041	0.9791	0.9817	0.9854	0.9823	0.0045	
0.1476	94001     	0.9651	0.9837	0.9941	0.9837	0.0041	0.9787	0.9815	0.9851	0.9820	0.0045	
0.1486	93891     	0.9648	0.9834	0.9940	0.9834	0.0042	0.9784	0.9812	0.9848	0.9818	0.0046	
0.1496	93781     	0.9645	0.9832	0.9940	0.9832	0.0042	0.9781	0.9810	0.9846	0.9815	0.0046	
0.1506	93671     	0.9643	0.9830	0.9938	0.9830	0.0043	0.9778	0.9807	0.9843	0.9813	0.0047	
0.1516	93561     	0.9640	0.9828	0.9938	0.9828	0.0043	0.9774	0.9804	0.9840	0.9810	0.0048	
0.1526	93451     	0.9638	0.9826	0.9936	0.9826	0.0044	0.9770	0.9801	0.9837	0.9807	0.0049	
0.1536	93341     	0.9635	0.9824	0.9935	0.9824	0.0044	0.9767	0.9798	0.9834	0.9805	0.0049	
0.1546	93231     	0.9632	0.9822	0.9934	0.9822	0.0045	0.9764	0.9796	0.9831	0.9802	0.0050	
0.1556	93121     	0.9629	0.9820	0.9933	0.9820	0.0045	0.9760	0.9793	0.9828	0.9799	0.0051	
0.1566	93011     	0.9626	0.9818	0.9932	0.9818	0.0046	0.9757	0.9790	0.9825	0.9797	0.0051	
0.1576	92901     	0.9623	0.9816	0.9931	0.9816	0.0047	0.9754	0.9787	0.9822	0.9794	0.0052	
0.1586	92791     	0.9619	0.9813	0.9930	0.9813	0.0047	0.9751	0.9785	0.9819	0.9791	0.0053	
0.1596	92681     	0.9615	0.9811	0.9929	0.9811	0.0048	0.9748	0.9782	0.9817	0.9789	0.0053	
0.1606	92571     	0.9611	0.9809	0.9929	0.9809	0.0048	0.9744	0.9779	0.9814	0.9786	0.0054	
0.1616	92461     	0.9607	0.9806	0.9928	0.9806	0.0049	0.9741	0.9777	0.9811	0.9784	0.0055	
0.1626	92351     	0.9603	0.9804	0.9927	0.9804	0.0050	0.9737	0.9773	0.9808	0.9781	0.0055	
0.1636	92241     	0.9600	0.9802	0.9926	0.9802	0.0050	0.9734	0.9771	0.9805	0.9778	0.0056	
0.1646	92131     	0.9596	0.9799	0.9924	0.9799	0.0051	0.9729	0.9767	0.9802	0.9775	0.0057	
0.1656	92021     	0.9593	0.9796	0.9923	0.9796	0.0051	0.9725	0.9764	0.9800	0.9772	0.0057	
0.1666	91911     	0.9591	0.9794	0.9921	0.9794	0.0052	0.9721	0.9761	0.9797	0.9769	0.0058	
0.1676	91801     	0.9588	0.9791	0.9920	0.9791	0.0053	0.9717	0.9758	0.9794	0.9766	0.0059	
0.1686	91691     	0.9584	0.9789	0.9918	0.9789	0.0053	0.9713	0.9755	0.9791	0.9763	0.0060	
0.1696	91581     	0.9580	0.9786	0.9917	0.9786	0.0054	0.9710	0.9752	0.9788	0.9761	0.0060	
0.1706	91471     	0.9577	0.9783	0.9916	0.9783	0.0055	0.9706	0.9749	0.9785	0.9758	0.0061	
0.1716	91361     	0.9574	0.9781	0.9914	0.9781	0.0055	0.9702	0.9746	0.9782	0.9755	0.0062	
0.1726	91251     	0.9571	0.9778	0.9913	0.9778	0.0056	0.9698	0.9743	0.9779	0.9752	0.0063	
0.1736	91141     	0.9568	0.9775	0.9911	0.9775	0.0057	0.9693	0.9740	0.9776	0.9749	0.0063	
0.1746	91031     	0.9565	0.9772	0.9908	0.9772	0.0058	0.9689	0.9736	0.9773	0.9746	0.0064	
0.1756	90921     	0.9561	0.9769	0.9906	0.9769	0.0059	0.9684	0.9733	0.9771	0.9743	0.0065	
0.1766	90811     	0.9557	0.9766	0.9904	0.9766	0.0059	0.9680	0.9730	0.9768	0.9740	0.0066	
0.1776	90701     	0.9553	0.9763	0.9902	0.9763	0.0060	0.9676	0.9727	0.9765	0.9737	0.0066	
0.1786	90591     	0.9550	0.9760	0.9900	0.9760	0.0061	0.9672	0.9724	0.9762	0.9734	0.0067	
0.1796	90481     	0.9547	0.9757	0.9898	0.9757	0.0062	0.9667	0.9720	0.9759	0.9731	0.0068	
0.1806	90371     	0.9543	0.9754	0.9896	0.9754	0.0062	0.9663	0.9717	0.9756	0.9728	0.0069	
0.1816	90261     	0.9539	0.9751	0.9894	0.9751	0.0063	0.9660	0.9714	0.9753	0.9725	0.0069	
0.1825	90151     	0.9536	0.9747	0.9891	0.9747	0.0064	0.9655	0.9711	0.9750	0.9723	0.0070	
0.1835	90041     	0.9531	0.9744	0.9889	0.9744	0.0065	0.9651	0.9708	0.9748	0.9720	0.0071	
0.1845	89931     	0.9527	0.9741	0.9887	0.9741	0.0066	0.9646	0.9705	0.9745	0.9716	0.0072	
0.1855	89821     	0.9524	0.9738	0.9884	0.9738	0.0066	0.9641	0.9701	0.9742	0.9714	0.0072	
0.1865	89711     	0.9520	0.9734	0.9881	0.9734	0.0067	0.9637	0.9698	0.9739	0.9711	0.0073	
0.1875	89601     	0.9515	0.9731	0.9879	0.9731	0.0068	0.9633	0.9695	0.9737	0.9708	0.0074	
0.1885	89491     	0.9510	0.9727	0.9877	0.9727	0.0069	0.9628	0.9692	0.9734	0.9705	0.0075	
0.1895	89381     	0.9507	0.9724	0.9873	0.9724	0.0070	0.9624	0.9689	0.9731	0.9702	0.0075	
0.1905	89271     	0.9502	0.9720	0.9871	0.9720	0.0071	0.9620	0.9686	0.9728	0.9699	0.0076	
0.1915	89161     	0.9499	0.9717	0.9869	0.9717	0.0072	0.9615	0.9682	0.9725	0.9696	0.0077	
0.1925	89051     	0.9496	0.9713	0.9865	0.9713	0.0073	0.9609	0.9679	0.9722	0.9693	0.0078	
0.1935	88941     	0.9492	0.9709	0.9861	0.9709	0.0074	0.9604	0.9675	0.9720	0.9690	0.0079	
0.1945	88831     	0.9488	0.9706	0.9858	0.9706	0.0075	0.9600	0.9672	0.9717	0.9687	0.0079	
0.1955	88721     	0.9485	0.9702	0.9854	0.9702	0.0076	0.9595	0.9669	0.9714	0.9684	0.0080	
0.1965	88611     	0.9481	0.9699	0.9851	0.9699	0.0076	0.9590	0.9665	0.9712	0.9681	0.0081	
0.1975	88501     	0.9478	0.9695	0.9847	0.9695	0.0077	0.9585	0.9662	0.9709	0.9678	0.0082	
0.1985	88391     	0.9473	0.9691	0.9844	0.9691	0.0078	0.9580	0.9659	0.9707	0.9675	0.0082	
0.1995	88281     	0.9470	0.9688	0.9841	0.9688	0.0079	0.9576	0.9656	0.9704	0.9672	0.0083	
0.2005	88171     	0.9467	0.9684	0.9837	0.9684	0.0080	0.9570	0.9652	0.9701	0.9668	0.0084	
0.2015	88061     	0.9464	0.9680	0.9833	0.9680	0.0081	0.9565	0.9648	0.9698	0.9665	0.0085	
0.2025	87951     	0.9461	0.9676	0.9828	0.9676	0.0082	0.9559	0.9645	0.9696	0.9662	0.0086	
0.2035	87841     	0.9458	0.9671	0.9822	0.9671	0.0083	0.9554	0.9642	0.9694	0.9659	0.0086	
0.2045	87731     	0.9454	0.9668	0.9818	0.9668	0.0084	0.9549	0.9638	0.9691	0.9656	0.0087	
0.2055	87621     	0.9449	0.9664	0.9815	0.9664	0.0085	0.9544	0.9635	0.9689	0.9653	0.0088	
0.2065	87511     	0.9445	0.9660	0.9810	0.9660	0.0086	0.9539	0.9632	0.9686	0.9650	0.0089	
0.2075	87401     	0.9441	0.9656	0.9807	0.9656	0.0087	0.9534	0.9628	0.9684	0.9647	0.0089	
0.2085	87291     	0.9436	0.9652	0.9803	0.9652	0.0088	0.9529	0.9625	0.9681	0.9644	0.0090	
0.2095	87181     	0.9431	0.9648	0.9800	0.9648	0.0089	0.9525	0.9622	0.9678	0.9641	0.0091	
0.2105	87071     	0.9428	0.9644	0.9796	0.9644	0.0090	0.9520	0.9618	0.9675	0.9638	0.0092	
0.2115	86961     	0.9425	0.9640	0.9791	0.9640	0.0091	0.9514	0.9614	0.9673	0.9635	0.0093	
0.2125	86851     	0.9421	0.9636	0.9788	0.9636	0.0092	0.9508	0.9611	0.9670	0.9631	0.0094	
0.2135	86741     	0.9417	0.9632	0.9784	0.9632	0.0093	0.9502	0.9607	0.9668	0.9628	0.0094	
0.2145	86631     	0.9413	0.9628	0.9780	0.9628	0.0095	0.9497	0.9603	0.9665	0.9625	0.0095	
0.2155	86521     	0.9409	0.9624	0.9775	0.9624	0.0096	0.9492	0.9600	0.9662	0.9622	0.0096	
0.2165	86411     	0.9404	0.9619	0.9771	0.9619	0.0097	0.9487	0.9596	0.9660	0.9618	0.0097	
0.2175	86301     	0.9398	0.9616	0.9768	0.9616	0.0098	0.9482	0.9593	0.9657	0.9615	0.0098	
0.2185	86191     	0.9394	0.9612	0.9764	0.9612	0.0099	0.9477	0.9589	0.9654	0.9612	0.0099	
0.2195	86081     	0.9389	0.9608	0.9761	0.9608	0.0100	0.9472	0.9586	0.9652	0.9609	0.0099	
0.2205	85971     	0.9385	0.9604	0.9758	0.9604	0.0101	0.9466	0.9582	0.9649	0.9605	0.0100	
0.2214	85861     	0.9381	0.9600	0.9755	0.9600	0.0102	0.9460	0.9578	0.9646	0.9602	0.0101	
0.2224	85751     	0.9376	0.9596	0.9752	0.9596	0.0103	0.9455	0.9574	0.9643	0.9598	0.0102	
0.2234	85641     	0.9371	0.9591	0.9747	0.9591	0.0104	0.9450	0.9571	0.9640	0.9595	0.0103	
0.2244	85531     	0.9367	0.9587	0.9743	0.9587	0.0105	0.9444	0.9567	0.9637	0.9591	0.0104	
0.2254	85421     	0.9363	0.9584	0.9740	0.9584	0.0106	0.9438	0.9563	0.9634	0.9588	0.0105	
0.2264	85311     	0.9359	0.9579	0.9736	0.9579	0.0107	0.9433	0.9559	0.9631	0.9585	0.0106	
0.2274	85201     	0.9354	0.9575	0.9733	0.9575	0.0108	0.9426	0.9555	0.9628	0.9581	0.0107	
0.2284	85091     	0.9350	0.9571	0.9730	0.9571	0.0109	0.9421	0.9551	0.9626	0.9578	0.0107	
0.2294	84981     	0.9346	0.9567	0.9725	0.9567	0.0110	0.9414	0.9547	0.9623	0.9574	0.0108	
0.2304	84871     	0.9341	0.9563	0.9723	0.9563	0.0111	0.9408	0.9543	0.9619	0.9570	0.0109	
0.2314	84761     	0.9338	0.9558	0.9717	0.9558	0.0113	0.9402	0.9539	0.9617	0.9567	0.0110	
0.2324	84651     	0.9334	0.9554	0.9712	0.9554	0.0114	0.9395	0.9535	0.9613	0.9563	0.0111	
0.2334	84541     	0.9330	0.9549	0.9709	0.9549	0.0115	0.9388	0.9530	0.9610	0.9559	0.0112	
0.2344	84431     	0.9326	0.9544	0.9706	0.9544	0.0116	0.9380	0.9525	0.9607	0.9554	0.0113	
0.2354	84321     	0.9322	0.9539	0.9704	0.9539	0.0118	0.9371	0.9520	0.9605	0.9550	0.0115	
0.2364	84211     	0.9318	0.9534	0.9701	0.9534	0.0119	0.9364	0.9515	0.9602	0.9546	0.0116	
0.2374	84101     	0.9314	0.9529	0.9699	0.9529	0.0120	0.9355	0.9510	0.9598	0.9541	0.0117	
0.2384	83991     	0.9311	0.9523	0.9695	0.9523	0.0122	0.9348	0.9505	0.9595	0.9537	0.0118	
0.2394	83881     	0.9306	0.9518	0.9693	0.9518	0.0123	0.9339	0.9500	0.9591	0.9532	0.0119	
0.2404	83771     	0.9302	0.9513	0.9690	0.9513	0.0124	0.9331	0.9494	0.9588	0.9527	0.0120	
0.2414	83661     	0.9297	0.9508	0.9687	0.9508	0.0126	0.9324	0.9490	0.9585	0.9523	0.0122	
0.2424	83551     	0.9293	0.9503	0.9684	0.9503	0.0127	0.9316	0.9485	0.9581	0.9519	0.0123	
0.2434	83441     	0.9289	0.9498	0.9682	0.9498	0.0128	0.9308	0.9480	0.9577	0.9514	0.0124	
0.2444	83331     	0.9284	0.9493	0.9679	0.9493	0.0130	0.9301	0.9475	0.9574	0.9509	0.0125	
0.2454	83221     	0.9280	0.9488	0.9677	0.9488	0.0131	0.9293	0.9470	0.9571	0.9505	0.0126	
0.2464	83111     	0.9276	0.9482	0.9673	0.9482	0.0132	0.9285	0.9465	0.9567	0.9501	0.0127	
0.2474	83001     	0.9271	0.9477	0.9671	0.9477	0.0134	0.9276	0.9459	0.9563	0.9496	0.0129	
0.2484	82891     	0.9267	0.9473	0.9668	0.9473	0.0135	0.9270	0.9455	0.9560	0.9492	0.0130	
0.2494	82781     	0.9264	0.9468	0.9665	0.9468	0.0136	0.9260	0.9449	0.9557	0.9487	0.0131	
0.2504	82671     	0.9260	0.9463	0.9663	0.9463	0.0137	0.9252	0.9444	0.9554	0.9483	0.0132	
0.2514	82561     	0.9254	0.9458	0.9661	0.9458	0.0139	0.9245	0.9439	0.9550	0.9478	0.0133	
0.2524	82451     	0.9250	0.9453	0.9659	0.9453	0.0140	0.9236	0.9434	0.9547	0.9473	0.0134	
0.2534	82341     	0.9245	0.9448	0.9657	0.9448	0.0141	0.9227	0.9428	0.9543	0.9468	0.0136	
0.2544	82231     	0.9239	0.9443	0.9656	0.9443	0.0142	0.9219	0.9423	0.9540	0.9464	0.0137	
0.2554	82121     	0.9235	0.9439	0.9653	0.9439	0.0144	0.9211	0.9417	0.9537	0.9458	0.0138	
0.2564	82011     	0.9230	0.9433	0.9651	0.9433	0.0145	0.9202	0.9412	0.9534	0.9454	0.0140	
0.2574	81901     	0.9225	0.9428	0.9649	0.9428	0.0146	0.9194	0.9407	0.9530	0.9449	0.0141	
0.2584	81791     	0.9218	0.9423	0.9647	0.9423	0.0148	0.9187	0.9402	0.9527	0.9445	0.0142	
0.2594	81681     	0.9212	0.9417	0.9644	0.9417	0.0149	0.9179	0.9397	0.9524	0.9440	0.0143	
0.2603	81571     	0.9206	0.9412	0.9642	0.9412	0.0151	0.9172	0.9392	0.9521	0.9436	0.0144	
0.2613	81461     	0.9200	0.9407	0.9640	0.9407	0.0152	0.9166	0.9387	0.9518	0.9431	0.0146	
0.2623	81351     	0.9193	0.9401	0.9637	0.9401	0.0153	0.9158	0.9382	0.9515	0.9427	0.0147	
0.2633	81241     	0.9187	0.9396	0.9634	0.9396	0.0155	0.9151	0.9377	0.9512	0.9422	0.0148	
0.2643	81131     	0.9182	0.9390	0.9630	0.9390	0.0156	0.9144	0.9372	0.9508	0.9418	0.0149	
0.2653	81021     	0.9176	0.9384	0.9627	0.9384	0.0158	0.9137	0.9367	0.9506	0.9414	0.0150	
0.2663	80911     	0.9171	0.9378	0.9625	0.9378	0.0159	0.9128	0.9362	0.9503	0.9409	0.0151	
0.2673	80801     	0.9166	0.9372	0.9622	0.9372	0.0161	0.9121	0.9358	0.9499	0.9405	0.0152	
0.2683	80691     	0.9160	0.9366	0.9619	0.9366	0.0163	0.9115	0.9354	0.9497	0.9401	0.0153	
0.2693	80581     	0.9155	0.9361	0.9616	0.9361	0.0164	0.9107	0.9349	0.9494	0.9397	0.0154	
0.2703	80471     	0.9149	0.9355	0.9613	0.9355	0.0166	0.9101	0.9344	0.9491	0.9393	0.0156	
0.2713	80361     	0.9142	0.9348	0.9610	0.9348	0.0167	0.9094	0.9340	0.9488	0.9389	0.0157	
0.2723	80251     	0.9139	0.9342	0.9608	0.9342	0.0169	0.9087	0.9336	0.9485	0.9385	0.0158	
0.2733	80141     	0.9134	0.9337	0.9605	0.9337	0.0170	0.9079	0.9331	0.9482	0.9381	0.0159	
0.2743	80031     	0.9129	0.9331	0.9602	0.9331	0.0172	0.9073	0.9327	0.9479	0.9378	0.0160	
0.2753	79921     	0.9124	0.9325	0.9599	0.9325	0.0174	0.9065	0.9322	0.9475	0.9373	0.0161	
0.2763	79811     	0.9119	0.9319	0.9594	0.9319	0.0175	0.9058	0.9316	0.9471	0.9368	0.0162	
0.2773	79701     	0.9114	0.9313	0.9592	0.9313	0.0177	0.9051	0.9312	0.9469	0.9364	0.0163	
0.2783	79591     	0.9109	0.9307	0.9589	0.9307	0.0178	0.9044	0.9307	0.9465	0.9360	0.0164	
0.2793	79481     	0.9103	0.9300	0.9586	0.9300	0.0180	0.9038	0.9303	0.9462	0.9356	0.0165	
0.2803	79371     	0.9100	0.9294	0.9582	0.9294	0.0182	0.9030	0.9298	0.9459	0.9352	0.0166	
0.2813	79261     	0.9095	0.9288	0.9579	0.9288	0.0183	0.9022	0.9293	0.9456	0.9348	0.0168	
0.2823	79151     	0.9091	0.9281	0.9575	0.9281	0.0185	0.9014	0.9289	0.9453	0.9343	0.0169	
0.2833	79041     	0.9085	0.9275	0.9571	0.9275	0.0187	0.9008	0.9284	0.9450	0.9339	0.0170	
0.2843	78931     	0.9080	0.9269	0.9568	0.9269	0.0188	0.9000	0.9279	0.9447	0.9335	0.0171	
0.2853	78821     	0.9075	0.9263	0.9564	0.9263	0.0190	0.8992	0.9274	0.9443	0.9330	0.0172	
0.2863	78711     	0.9070	0.9257	0.9561	0.9257	0.0192	0.8986	0.9269	0.9439	0.9326	0.0173	
0.2873	78601     	0.9065	0.9250	0.9557	0.9250	0.0193	0.8979	0.9264	0.9436	0.9322	0.0174	
0.2883	78491     	0.9060	0.9244	0.9555	0.9244	0.0195	0.8972	0.9260	0.9432	0.9317	0.0176	
0.2893	78381     	0.9055	0.9238	0.9552	0.9238	0.0197	0.8964	0.9255	0.9428	0.9313	0.0177	
0.2903	78271     	0.9050	0.9232	0.9549	0.9232	0.0198	0.8957	0.9250	0.9425	0.9309	0.0178	
0.2913	78161     	0.9043	0.9226	0.9546	0.9226	0.0200	0.8951	0.9245	0.9421	0.9304	0.0179	
0.2923	78051     	0.9039	0.9219	0.9541	0.9219	0.0202	0.8943	0.9240	0.9418	0.9300	0.0180	
0.2933	77941     	0.9033	0.9212	0.9539	0.9212	0.0203	0.8936	0.9235	0.9414	0.9295	0.0181	
0.2943	77831     	0.9027	0.9206	0.9534	0.9206	0.0205	0.8930	0.9231	0.9410	0.9291	0.0182	
0.2953	77721     	0.9023	0.9199	0.9531	0.9199	0.0207	0.8924	0.9227	0.9407	0.9287	0.0184	
0.2963	77611     	0.9017	0.9192	0.9527	0.9192	0.0209	0.8917	0.9222	0.9403	0.9283	0.0185	
0.2973	77501     	0.9012	0.9185	0.9523	0.9185	0.0211	0.8910	0.9217	0.9400	0.9279	0.0186	
0.2983	77391     	0.9005	0.9179	0.9519	0.9179	0.0212	0.8902	0.9212	0.9397	0.9274	0.0187	
0.2992	77281     	0.9000	0.9172	0.9515	0.9172	0.0214	0.8896	0.9208	0.9394	0.9270	0.0188	
0.3002	77171     	0.8996	0.9165	0.9511	0.9165	0.0216	0.8889	0.9203	0.9390	0.9266	0.0189	
0.3012	77061     	0.8989	0.9159	0.9508	0.9159	0.0218	0.8881	0.9198	0.9386	0.9261	0.0190	
0.3022	76951     	0.8984	0.9152	0.9504	0.9152	0.0220	0.8875	0.9193	0.9382	0.9257	0.0192	
0.3032	76841     	0.8979	0.9145	0.9500	0.9145	0.0221	0.8869	0.9189	0.9378	0.9253	0.0193	
0.3042	76731     	0.8974	0.9139	0.9496	0.9139	0.0223	0.8862	0.9184	0.9375	0.9248	0.0194	
0.3052	76621     	0.8968	0.9131	0.9492	0.9131	0.0225	0.8854	0.9179	0.9372	0.9244	0.0195	
0.3062	76511     	0.8964	0.9124	0.9488	0.9124	0.0227	0.8846	0.9174	0.9368	0.9239	0.0196	
0.3072	76401     	0.8957	0.9117	0.9483	0.9117	0.0229	0.8840	0.9169	0.9364	0.9235	0.0197	
0.3082	76291     	0.8952	0.9111	0.9479	0.9111	0.0231	0.8833	0.9164	0.9360	0.9230	0.0199	
0.3092	76181     	0.8946	0.9104	0.9475	0.9104	0.0232	0.8827	0.9159	0.9355	0.9225	0.0200	
0.3102	76071     	0.8941	0.9097	0.9470	0.9097	0.0234	0.8819	0.9154	0.9352	0.9221	0.0201	
0.3112	75961     	0.8935	0.9090	0.9466	0.9090	0.0236	0.8813	0.9149	0.9347	0.9217	0.0202	
0.3122	75851     	0.8929	0.9083	0.9462	0.9083	0.0238	0.8806	0.9145	0.9344	0.9212	0.0204	
0.3132	75741     	0.8924	0.9076	0.9458	0.9076	0.0240	0.8799	0.9140	0.9340	0.9208	0.0205	
0.3142	75631     	0.8917	0.9069	0.9455	0.9069	0.0242	0.8792	0.9135	0.9336	0.9203	0.0206	
0.3152	75521     	0.8910	0.9062	0.9449	0.9062	0.0244	0.8785	0.9130	0.9333	0.9199	0.0207	
0.3162	75411     	0.8905	0.9055	0.9445	0.9055	0.0246	0.8779	0.9125	0.9329	0.9194	0.0208	
0.3172	75301     	0.8897	0.9047	0.9441	0.9047	0.0248	0.8772	0.9120	0.9326	0.9190	0.0209	
0.3182	75191     	0.8890	0.9040	0.9436	0.9040	0.0250	0.8767	0.9116	0.9321	0.9185	0.0211	
0.3192	75081     	0.8883	0.9033	0.9431	0.9033	0.0252	0.8760	0.9111	0.9318	0.9181	0.0212	
0.3202	74971     	0.8875	0.9025	0.9427	0.9025	0.0254	0.8752	0.9106	0.9314	0.9176	0.0213	
0.3212	74861     	0.8868	0.9017	0.9422	0.9017	0.0256	0.8744	0.9101	0.9310	0.9172	0.0214	
0.3222	74751     	0.8860	0.9010	0.9417	0.9010	0.0258	0.8738	0.9096	0.9306	0.9167	0.0216	
0.3232	74641     	0.8854	0.9003	0.9412	0.9003	0.0260	0.8731	0.9091	0.9302	0.9163	0.0217	
0.3242	74531     	0.8846	0.8996	0.9408	0.8996	0.0262	0.8724	0.9086	0.9298	0.9158	0.0218	
0.3252	74421     	0.8838	0.8988	0.9404	0.8988	0.0264	0.8717	0.9081	0.9294	0.9153	0.0219	
0.3262	74311     	0.8832	0.8981	0.9399	0.8981	0.0266	0.8711	0.9076	0.9290	0.9149	0.0220	
0.3272	74201     	0.8824	0.8973	0.9394	0.8973	0.0268	0.8704	0.9071	0.9287	0.9145	0.0222	
0.3282	74091     	0.8816	0.8966	0.9391	0.8966	0.0270	0.8696	0.9066	0.9282	0.9140	0.0223	
0.3292	73981     	0.8809	0.8959	0.9387	0.8959	0.0272	0.8690	0.9060	0.9278	0.9135	0.0224	
0.3302	73871     	0.8801	0.8951	0.9382	0.8951	0.0274	0.8682	0.9055	0.9274	0.9130	0.0226	
0.3312	73761     	0.8793	0.8944	0.9377	0.8944	0.0276	0.8676	0.9051	0.9269	0.9125	0.0227	
0.3322	73651     	0.8778	0.8935	0.9370	0.8935	0.0278	0.8670	0.9046	0.9265	0.9121	0.0228	
0.3332	73541     	0.8766	0.8928	0.9366	0.8928	0.0280	0.8663	0.9041	0.9260	0.9116	0.0229	
0.3342	73431     	0.8753	0.8921	0.9362	0.8921	0.0282	0.8657	0.9035	0.9255	0.9111	0.0231	
0.3352	73321     	0.8742	0.8914	0.9358	0.8914	0.0284	0.8651	0.9030	0.9250	0.9106	0.0232	
0.3362	73211     	0.8730	0.8906	0.9353	0.8906	0.0286	0.8642	0.9025	0.9245	0.9101	0.0233	
0.3372	73101     	0.8720	0.8899	0.9349	0.8899	0.0288	0.8636	0.9019	0.9240	0.9095	0.0235	
0.3381	72991     	0.8707	0.8891	0.9344	0.8891	0.0290	0.8627	0.9013	0.9236	0.9090	0.0236	
0.3391	72881     	0.8696	0.8884	0.9339	0.8884	0.0292	0.8619	0.9007	0.9230	0.9084	0.0238	
0.3401	72771     	0.8683	0.8877	0.9334	0.8877	0.0294	0.8612	0.9001	0.9225	0.9079	0.0239	
0.3411	72661     	0.8672	0.8870	0.9329	0.8870	0.0296	0.8603	0.8995	0.9220	0.9073	0.0241	
0.3421	72551     	0.8662	0.8863	0.9326	0.8863	0.0298	0.8594	0.8988	0.9215	0.9067	0.0242	
0.3431	72441     	0.8647	0.8855	0.9320	0.8855	0.0300	0.8588	0.8984	0.9210	0.9063	0.0244	
0.3441	72331     	0.8633	0.8847	0.9314	0.8847	0.0303	0.8582	0.8979	0.9206	0.9058	0.0245	
0.3451	72221     	0.8622	0.8840	0.9309	0.8840	0.0305	0.8574	0.8973	0.9200	0.9052	0.0246	
0.3461	72111     	0.8611	0.8832	0.9304	0.8832	0.0306	0.8566	0.8967	0.9195	0.9047	0.0248	
0.3471	72001     	0.8599	0.8825	0.9300	0.8825	0.0308	0.8559	0.8961	0.9190	0.9042	0.0249	
0.3481	71891     	0.8584	0.8817	0.9294	0.8817	0.0311	0.8551	0.8956	0.9186	0.9037	0.0251	
0.3491	71781     	0.8571	0.8809	0.9290	0.8809	0.0313	0.8543	0.8949	0.9181	0.9031	0.0252	
0.3501	71671     	0.8559	0.8802	0.9285	0.8802	0.0315	0.8535	0.8943	0.9175	0.9025	0.0254	
0.3511	71561     	0.8546	0.8794	0.9281	0.8794	0.0317	0.8527	0.8938	0.9171	0.9020	0.0255	
0.3521	71451     	0.8534	0.8786	0.9275	0.8786	0.0319	0.8519	0.8932	0.9167	0.9015	0.0257	
0.3531	71341     	0.8521	0.8779	0.9271	0.8779	0.0321	0.8511	0.8927	0.9162	0.9010	0.0258	
0.3541	71231     	0.8510	0.8771	0.9266	0.8771	0.0323	0.8503	0.8921	0.9157	0.9004	0.0260	
0.3551	71121     	0.8497	0.8763	0.9261	0.8763	0.0326	0.8497	0.8915	0.9152	0.8999	0.0261	
0.3561	71011     	0.8485	0.8756	0.9256	0.8756	0.0328	0.8491	0.8910	0.9147	0.8994	0.0262	
0.3571	70901     	0.8470	0.8748	0.9251	0.8748	0.0330	0.8483	0.8904	0.9142	0.8988	0.0264	
0.3581	70791     	0.8458	0.8740	0.9245	0.8740	0.0332	0.8475	0.8898	0.9138	0.8982	0.0265	
0.3591	70681     	0.8447	0.8732	0.9239	0.8732	0.0334	0.8467	0.8892	0.9133	0.8977	0.0267	
0.3601	70571     	0.8435	0.8724	0.9233	0.8724	0.0337	0.8461	0.8886	0.9128	0.8972	0.0268	
0.3611	70461     	0.8423	0.8717	0.9229	0.8717	0.0339	0.8453	0.8880	0.9123	0.8966	0.0270	
0.3621	70351     	0.8412	0.8709	0.9225	0.8709	0.0341	0.8445	0.8874	0.9118	0.8960	0.0272	
0.3631	70241     	0.8402	0.8702	0.9220	0.8702	0.0343	0.8436	0.8868	0.9113	0.8954	0.0273	
0.3641	70131     	0.8390	0.8694	0.9215	0.8694	0.0345	0.8427	0.8861	0.9107	0.8948	0.0275	
0.3651	70021     	0.8377	0.8686	0.9210	0.8686	0.0347	0.8421	0.8856	0.9103	0.8943	0.0276	
0.3661	69911     	0.8365	0.8678	0.9204	0.8678	0.0349	0.8412	0.8849	0.9097	0.8936	0.0278	
0.3671	69801     	0.8353	0.8670	0.9198	0.8670	0.0352	0.8405	0.8843	0.9093	0.8931	0.0280	
0.3681	69691     	0.8341	0.8662	0.9193	0.8662	0.0354	0.8397	0.8837	0.9088	0.8925	0.0281	
0.3691	69581     	0.8328	0.8654	0.9187	0.8654	0.0356	0.8388	0.8831	0.9083	0.8919	0.0283	
0.3701	69471     	0.8316	0.8647	0.9183	0.8647	0.0358	0.8381	0.8825	0.9077	0.8914	0.0284	
0.3711	69361     	0.8303	0.8639	0.9177	0.8639	0.0360	0.8375	0.8819	0.9072	0.8908	0.0286	
0.3721	69251     	0.8292	0.8631	0.9171	0.8631	0.0363	0.8367	0.8813	0.9067	0.8902	0.0287	
0.3731	69141     	0.8279	0.8623	0.9166	0.8623	0.0365	0.8358	0.8807	0.9062	0.8896	0.0289	
0.3741	69031     	0.8267	0.8615	0.9159	0.8615	0.0367	0.8351	0.8800	0.9056	0.8890	0.0291	
0.3751	68921     	0.8255	0.8607	0.9155	0.8607	0.0369	0.8341	0.8793	0.9051	0.8884	0.0292	
0.3761	68811     	0.8242	0.8599	0.9150	0.8599	0.0372	0.8333	0.8787	0.9046	0.8878	0.0294	
0.3770	68701     	0.8230	0.8592	0.9144	0.8592	0.0374	0.8325	0.8781	0.9041	0.8872	0.0296	
0.3780	68591     	0.8218	0.8583	0.9138	0.8583	0.0376	0.8318	0.8775	0.9036	0.8866	0.0297	
0.3790	68481     	0.8205	0.8575	0.9133	0.8575	0.0378	0.8310	0.8769	0.9031	0.8860	0.0299	
0.3800	68371     	0.8192	0.8567	0.9127	0.8567	0.0381	0.8301	0.8762	0.9026	0.8855	0.0300	
0.3810	68261     	0.8181	0.8559	0.9121	0.8559	0.0383	0.8294	0.8756	0.9020	0.8849	0.0302	
0.3820	68151     	0.8169	0.8552	0.9116	0.8552	0.0385	0.8286	0.8750	0.9014	0.8842	0.0304	
0.3830	68041     	0.8156	0.8544	0.9112	0.8544	0.0387	0.8277	0.8743	0.9008	0.8836	0.0306	
0.3840	67931     	0.8145	0.8536	0.9105	0.8536	0.0390	0.8267	0.8735	0.9003	0.8829	0.0308	
0.3850	67821     	0.8132	0.8528	0.9100	0.8528	0.0392	0.8259	0.8729	0.8998	0.8823	0.0309	
0.3860	67711     	0.8121	0.8520	0.9095	0.8520	0.0394	0.8252	0.8722	0.8992	0.8817	0.0311	
0.3870	67601     	0.8108	0.8512	0.9089	0.8512	0.0396	0.8244	0.8716	0.8986	0.8811	0.0313	
0.3880	67491     	0.8096	0.8504	0.9084	0.8504	0.0399	0.8236	0.8710	0.8981	0.8805	0.0314	
0.3890	67381     	0.8083	0.8495	0.9078	0.8495	0.0401	0.8227	0.8704	0.8977	0.8799	0.0316	
0.3900	67271     	0.8069	0.8487	0.9071	0.8487	0.0404	0.8218	0.8697	0.8972	0.8793	0.0317	
0.3910	67161     	0.8059	0.8479	0.9065	0.8479	0.0406	0.8212	0.8691	0.8965	0.8786	0.0319	
0.3920	67051     	0.8046	0.8470	0.9060	0.8470	0.0408	0.8203	0.8684	0.8960	0.8780	0.0321	
0.3930	66941     	0.8033	0.8462	0.9055	0.8462	0.0410	0.8194	0.8677	0.8954	0.8773	0.0323	
0.3940	66831     	0.8023	0.8455	0.9051	0.8455	0.0413	0.8184	0.8669	0.8948	0.8766	0.0325	
0.3950	66721     	0.8010	0.8446	0.9044	0.8446	0.0415	0.8177	0.8663	0.8942	0.8760	0.0327	
0.3960	66611     	0.8000	0.8439	0.9039	0.8439	0.0417	0.8168	0.8655	0.8935	0.8752	0.0329	
0.3970	66501     	0.7990	0.8432	0.9035	0.8432	0.0419	0.8158	0.8648	0.8929	0.8745	0.0331	
0.3980	66391     	0.7978	0.8424	0.9029	0.8424	0.0422	0.8148	0.8641	0.8924	0.8739	0.0332	
0.3990	66281     	0.7966	0.8415	0.9024	0.8415	0.0424	0.8141	0.8634	0.8918	0.8733	0.0334	
0.4000	66171     	0.7955	0.8407	0.9017	0.8407	0.0426	0.8133	0.8627	0.8912	0.8726	0.0336	
0.4010	66061     	0.7944	0.8399	0.9012	0.8399	0.0429	0.8126	0.8620	0.8905	0.8719	0.0338	
0.4020	65951     	0.7934	0.8392	0.9008	0.8392	0.0431	0.8117	0.8613	0.8899	0.8712	0.0340	
0.4030	65841     	0.7924	0.8384	0.9002	0.8384	0.0433	0.8108	0.8605	0.8892	0.8704	0.0342	
0.4040	65731     	0.7911	0.8375	0.8997	0.8375	0.0436	0.8101	0.8599	0.8886	0.8698	0.0344	
0.4050	65621     	0.7900	0.8367	0.8991	0.8367	0.0438	0.8091	0.8591	0.8881	0.8691	0.0346	
0.4060	65511     	0.7889	0.8359	0.8985	0.8359	0.0440	0.8083	0.8585	0.8875	0.8685	0.0348	
0.4070	65401     	0.7877	0.8351	0.8979	0.8351	0.0443	0.8074	0.8577	0.8869	0.8678	0.0349	
0.4080	65291     	0.7867	0.8343	0.8974	0.8343	0.0445	0.8064	0.8569	0.8862	0.8670	0.0352	
0.4090	65181     	0.7856	0.8335	0.8968	0.8335	0.0447	0.8058	0.8563	0.8856	0.8664	0.0353	
0.4100	65071     	0.7845	0.8327	0.8963	0.8327	0.0450	0.8050	0.8556	0.8850	0.8657	0.0355	
0.4110	64961     	0.7835	0.8318	0.8958	0.8318	0.0452	0.8042	0.8548	0.8843	0.8650	0.0357	
0.4120	64851     	0.7824	0.8310	0.8950	0.8310	0.0454	0.8034	0.8542	0.8838	0.8643	0.0359	
0.4130	64741     	0.7814	0.8302	0.8945	0.8302	0.0457	0.8026	0.8534	0.8830	0.8636	0.0361	
0.4140	64631     	0.7802	0.8294	0.8941	0.8294	0.0459	0.8018	0.8526	0.8823	0.8628	0.0363	
0.4150	64521     	0.7790	0.8286	0.8936	0.8286	0.0461	0.8008	0.8519	0.8817	0.8621	0.0365	
0.4159	64411     	0.7778	0.8277	0.8930	0.8277	0.0464	0.8000	0.8512	0.8811	0.8614	0.0367	
0.4169	64301     	0.7767	0.8268	0.8924	0.8268	0.0466	0.7994	0.8506	0.8805	0.8608	0.0369	
0.4179	64191     	0.7755	0.8260	0.8919	0.8260	0.0469	0.7983	0.8497	0.8799	0.8600	0.0371	
0.4189	64081     	0.7744	0.8252	0.8914	0.8252	0.0471	0.7973	0.8490	0.8793	0.8593	0.0373	
0.4199	63971     	0.7733	0.8243	0.8907	0.8243	0.0474	0.7966	0.8483	0.8786	0.8587	0.0375	
0.4209	63861     	0.7722	0.8235	0.8902	0.8235	0.0476	0.7956	0.8475	0.8780	0.8579	0.0377	
0.4219	63751     	0.7711	0.8227	0.8897	0.8227	0.0479	0.7946	0.8467	0.8773	0.8572	0.0379	
0.4229	63641     	0.7698	0.8218	0.8892	0.8218	0.0481	0.7939	0.8460	0.8766	0.8565	0.0381	
0.4239	63531     	0.7685	0.8209	0.8885	0.8209	0.0484	0.7930	0.8453	0.8761	0.8558	0.0383	
0.4249	63421     	0.7672	0.8201	0.8882	0.8201	0.0486	0.7923	0.8446	0.8755	0.8551	0.0385	
0.4259	63311     	0.7659	0.8193	0.8876	0.8193	0.0489	0.7915	0.8439	0.8748	0.8544	0.0387	
0.4269	63201     	0.7647	0.8184	0.8872	0.8184	0.0491	0.7907	0.8431	0.8741	0.8536	0.0389	
0.4279	63091     	0.7636	0.8176	0.8866	0.8176	0.0494	0.7898	0.8424	0.8735	0.8529	0.0391	
0.4289	62981     	0.7623	0.8167	0.8860	0.8167	0.0496	0.7890	0.8417	0.8729	0.8522	0.0393	
0.4299	62871     	0.7610	0.8159	0.8855	0.8159	0.0499	0.7883	0.8410	0.8722	0.8516	0.0395	
0.4309	62761     	0.7593	0.8150	0.8850	0.8150	0.0501	0.7876	0.8404	0.8717	0.8510	0.0397	
0.4319	62651     	0.7582	0.8141	0.8843	0.8141	0.0504	0.7867	0.8396	0.8710	0.8502	0.0399	
0.4329	62541     	0.7569	0.8133	0.8837	0.8133	0.0506	0.7859	0.8389	0.8704	0.8495	0.0401	
0.4339	62431     	0.7556	0.8124	0.8832	0.8124	0.0509	0.7850	0.8382	0.8697	0.8488	0.0403	
0.4349	62321     	0.7546	0.8116	0.8826	0.8116	0.0511	0.7842	0.8374	0.8690	0.8480	0.0405	
0.4359	62211     	0.7532	0.8108	0.8823	0.8108	0.0514	0.7833	0.8367	0.8684	0.8473	0.0407	
0.4369	62101     	0.7522	0.8098	0.8816	0.8098	0.0516	0.7825	0.8360	0.8678	0.8467	0.0409	
0.4379	61991     	0.7508	0.8090	0.8811	0.8090	0.0519	0.7818	0.8353	0.8673	0.8460	0.0411	
0.4389	61881     	0.7495	0.8081	0.8805	0.8081	0.0522	0.7808	0.8345	0.8666	0.8453	0.0413	
0.4399	61771     	0.7485	0.8073	0.8801	0.8073	0.0524	0.7800	0.8337	0.8659	0.8445	0.0415	
0.4409	61661     	0.7469	0.8064	0.8796	0.8064	0.0527	0.7792	0.8331	0.8653	0.8439	0.0417	
0.4419	61551     	0.7461	0.8055	0.8788	0.8055	0.0530	0.7784	0.8323	0.8648	0.8431	0.0419	
0.4429	61441     	0.7448	0.8045	0.8783	0.8045	0.0532	0.7774	0.8316	0.8643	0.8425	0.0421	
0.4439	61331     	0.7435	0.8037	0.8778	0.8037	0.0535	0.7767	0.8309	0.8637	0.8418	0.0423	
0.4449	61221     	0.7421	0.8028	0.8771	0.8028	0.0538	0.7757	0.8302	0.8631	0.8410	0.0425	
0.4459	61111     	0.7411	0.8019	0.8765	0.8019	0.0540	0.7747	0.8292	0.8624	0.8402	0.0428	
0.4469	61001     	0.7398	0.8010	0.8759	0.8010	0.0543	0.7736	0.8284	0.8618	0.8394	0.0430	
0.4479	60891     	0.7386	0.8001	0.8753	0.8001	0.0546	0.7727	0.8277	0.8611	0.8387	0.0432	
0.4489	60781     	0.7375	0.7992	0.8745	0.7992	0.0548	0.7719	0.8269	0.8605	0.8379	0.0434	
0.4499	60671     	0.7364	0.7983	0.8739	0.7983	0.0551	0.7709	0.8261	0.8598	0.8371	0.0436	
0.4509	60561     	0.7352	0.7974	0.8731	0.7974	0.0554	0.7701	0.8253	0.8592	0.8364	0.0438	
0.4519	60451     	0.7340	0.7965	0.8725	0.7965	0.0556	0.7690	0.8246	0.8587	0.8357	0.0440	
0.4529	60341     	0.7329	0.7957	0.8718	0.7957	0.0559	0.7680	0.8237	0.8580	0.8348	0.0443	
0.4539	60231     	0.7316	0.7947	0.8711	0.7947	0.0562	0.7671	0.8230	0.8574	0.8341	0.0445	
0.4548	60121     	0.7305	0.7939	0.8704	0.7939	0.0564	0.7662	0.8221	0.8567	0.8333	0.0447	
0.4558	60011     	0.7292	0.7930	0.8697	0.7930	0.0567	0.7653	0.8214	0.8562	0.8326	0.0449	
0.4568	59901     	0.7280	0.7921	0.8691	0.7921	0.0570	0.7644	0.8206	0.8555	0.8318	0.0452	
0.4578	59791     	0.7268	0.7912	0.8685	0.7912	0.0572	0.7635	0.8197	0.8548	0.8310	0.0454	
0.4588	59681     	0.7256	0.7903	0.8676	0.7903	0.0575	0.7627	0.8190	0.8542	0.8302	0.0456	
0.4598	59571     	0.7245	0.7893	0.8669	0.7893	0.0578	0.7616	0.8182	0.8536	0.8295	0.0458	
0.4608	59461     	0.7231	0.7884	0.8661	0.7884	0.0581	0.7608	0.8175	0.8531	0.8288	0.0460	
0.4618	59351     	0.7220	0.7875	0.8655	0.7875	0.0584	0.7598	0.8167	0.8524	0.8280	0.0462	
0.4628	59241     	0.7209	0.7865	0.8646	0.7865	0.0587	0.7590	0.8160	0.8519	0.8273	0.0464	
0.4638	59131     	0.7197	0.7856	0.8639	0.7856	0.0589	0.7581	0.8152	0.8513	0.8266	0.0467	
0.4648	59021     	0.7184	0.7846	0.8632	0.7846	0.0592	0.7573	0.8144	0.8507	0.8258	0.0469	
0.4658	58911     	0.7172	0.7837	0.8624	0.7837	0.0595	0.7563	0.8136	0.8501	0.8251	0.0471	
0.4668	58801     	0.7162	0.7828	0.8616	0.7828	0.0598	0.7551	0.8127	0.8493	0.8242	0.0474	
0.4678	58691     	0.7148	0.7819	0.8608	0.7819	0.0601	0.7541	0.8118	0.8487	0.8234	0.0476	
0.4688	58581     	0.7137	0.7809	0.8600	0.7809	0.0603	0.7532	0.8111	0.8480	0.8226	0.0478	
0.4698	58471     	0.7124	0.7800	0.8593	0.7800	0.0606	0.7522	0.8102	0.8474	0.8218	0.0480	
0.4708	58361     	0.7113	0.7791	0.8584	0.7791	0.0609	0.7515	0.8095	0.8466	0.8211	0.0483	
0.4718	58251     	0.7101	0.7781	0.8577	0.7781	0.0612	0.7505	0.8087	0.8461	0.8204	0.0485	
0.4728	58141     	0.7090	0.7771	0.8570	0.7771	0.0615	0.7494	0.8078	0.8455	0.8195	0.0487	
0.4738	58031     	0.7079	0.7762	0.8563	0.7762	0.0618	0.7483	0.8070	0.8449	0.8188	0.0489	
0.4748	57921     	0.7068	0.7752	0.8555	0.7752	0.0621	0.7471	0.8061	0.8443	0.8179	0.0492	
0.4758	57811     	0.7057	0.7742	0.8546	0.7742	0.0624	0.7461	0.8053	0.8437	0.8171	0.0494	
0.4768	57701     	0.7043	0.7732	0.8535	0.7732	0.0627	0.7452	0.8045	0.8430	0.8164	0.0496	
0.4778	57591     	0.7031	0.7722	0.8527	0.7722	0.0630	0.7442	0.8036	0.8423	0.8155	0.0499	
0.4788	57481     	0.7019	0.7713	0.8519	0.7713	0.0633	0.7431	0.8027	0.8416	0.8146	0.0502	
0.4798	57371     	0.7008	0.7703	0.8509	0.7703	0.0636	0.7422	0.8019	0.8410	0.8139	0.0504	
0.4808	57261     	0.6996	0.7694	0.8503	0.7694	0.0639	0.7411	0.8010	0.8403	0.8130	0.0506	
0.4818	57151     	0.6985	0.7684	0.8493	0.7684	0.0642	0.7400	0.8002	0.8397	0.8122	0.0509	
0.4828	57041     	0.6976	0.7674	0.8485	0.7674	0.0645	0.7390	0.7993	0.8390	0.8114	0.0511	
0.4838	56931     	0.6964	0.7665	0.8475	0.7665	0.0648	0.7378	0.7984	0.8383	0.8105	0.0514	
0.4848	56821     	0.6951	0.7654	0.8464	0.7654	0.0651	0.7370	0.7976	0.8376	0.8097	0.0516	
0.4858	56711     	0.6940	0.7645	0.8455	0.7645	0.0654	0.7358	0.7966	0.8369	0.8088	0.0519	
0.4868	56601     	0.6928	0.7635	0.8446	0.7635	0.0657	0.7349	0.7957	0.8361	0.8079	0.0521	
0.4878	56491     	0.6916	0.7626	0.8438	0.7626	0.0660	0.7337	0.7948	0.8354	0.8070	0.0524	
0.4888	56381     	0.6905	0.7616	0.8430	0.7616	0.0663	0.7328	0.7939	0.8346	0.8061	0.0527	
0.4898	56271     	0.6891	0.7604	0.8418	0.7604	0.0666	0.7318	0.7932	0.8340	0.8055	0.0529	
0.4908	56161     	0.6883	0.7595	0.8409	0.7595	0.0669	0.7304	0.7921	0.8333	0.8045	0.0532	
0.4918	56051     	0.6871	0.7585	0.8402	0.7585	0.0672	0.7294	0.7913	0.8326	0.8037	0.0534	
0.4928	55941     	0.6857	0.7575	0.8392	0.7575	0.0675	0.7282	0.7904	0.8320	0.8028	0.0536	
0.4937	55831     	0.6847	0.7565	0.8382	0.7565	0.0678	0.7270	0.7894	0.8312	0.8019	0.0539	
0.4947	55721     	0.6836	0.7554	0.8372	0.7554	0.0682	0.7260	0.7886	0.8305	0.8011	0.0542	
0.4957	55611     	0.6823	0.7544	0.8363	0.7544	0.0685	0.7248	0.7876	0.8298	0.8002	0.0544	
0.4967	55501     	0.6813	0.7534	0.8353	0.7534	0.0688	0.7234	0.7867	0.8292	0.7993	0.0547	
0.4977	55391     	0.6800	0.7523	0.8342	0.7523	0.0691	0.7223	0.7858	0.8285	0.7985	0.0549	
0.4987	55281     	0.6789	0.7513	0.8332	0.7513	0.0695	0.7210	0.7848	0.8277	0.7975	0.0552	
0.4997	55171     	0.6777	0.7502	0.8324	0.7502	0.0698	0.7200	0.7839	0.8270	0.7967	0.0555	
0.5007	55061     	0.6765	0.7492	0.8315	0.7492	0.0701	0.7187	0.7829	0.8262	0.7958	0.0557	
0.5017	54951     	0.6752	0.7481	0.8305	0.7481	0.0705	0.7177	0.7821	0.8256	0.7949	0.0560	
0.5027	54841     	0.6742	0.7471	0.8293	0.7471	0.0708	0.7166	0.7811	0.8248	0.7940	0.0563	
0.5037	54731     	0.6730	0.7460	0.8283	0.7460	0.0711	0.7154	0.7802	0.8241	0.7931	0.0565	
0.5047	54621     	0.6717	0.7450	0.8275	0.7450	0.0714	0.7142	0.7793	0.8234	0.7923	0.0568	
0.5057	54511     	0.6705	0.7439	0.8261	0.7439	0.0718	0.7131	0.7784	0.8227	0.7914	0.0570	
0.5067	54401     	0.6692	0.7428	0.8251	0.7428	0.0721	0.7118	0.7774	0.8220	0.7905	0.0573	
0.5077	54291     	0.6683	0.7418	0.8241	0.7418	0.0724	0.7106	0.7764	0.8211	0.7895	0.0576	
0.5087	54181     	0.6671	0.7407	0.8232	0.7407	0.0728	0.7094	0.7754	0.8204	0.7886	0.0579	
0.5097	54071     	0.6659	0.7396	0.8219	0.7396	0.0731	0.7083	0.7744	0.8196	0.7877	0.0582	
0.5107	53961     	0.6646	0.7387	0.8209	0.7387	0.0734	0.7070	0.7734	0.8187	0.7867	0.0585	
0.5117	53851     	0.6631	0.7375	0.8197	0.7375	0.0738	0.7059	0.7726	0.8181	0.7859	0.0587	
0.5127	53741     	0.6623	0.7365	0.8186	0.7365	0.0741	0.7044	0.7714	0.8172	0.7848	0.0590	
0.5137	53631     	0.6609	0.7354	0.8174	0.7354	0.0745	0.7033	0.7705	0.8165	0.7840	0.0593	
0.5147	53521     	0.6596	0.7343	0.8163	0.7343	0.0748	0.7020	0.7695	0.8158	0.7831	0.0596	
0.5157	53411     	0.6586	0.7332	0.8152	0.7332	0.0752	0.7006	0.7685	0.8151	0.7820	0.0599	
0.5167	53301     	0.6575	0.7321	0.8143	0.7321	0.0755	0.6995	0.7676	0.8143	0.7812	0.0601	
0.5177	53191     	0.6561	0.7311	0.8132	0.7311	0.0758	0.6982	0.7665	0.8134	0.7801	0.0605	
0.5187	53081     	0.6552	0.7300	0.8121	0.7300	0.0762	0.6968	0.7654	0.8125	0.7791	0.0608	
0.5197	52971     	0.6540	0.7289	0.8110	0.7289	0.0765	0.6953	0.7643	0.8118	0.7781	0.0611	
0.5207	52861     	0.6528	0.7278	0.8098	0.7278	0.0769	0.6940	0.7633	0.8109	0.7771	0.0614	
0.5217	52751     	0.6516	0.7266	0.8085	0.7266	0.0772	0.6927	0.7624	0.8103	0.7763	0.0616	
0.5227	52641     	0.6504	0.7255	0.8073	0.7255	0.0776	0.6914	0.7614	0.8096	0.7754	0.0619	
0.5237	52531     	0.6491	0.7244	0.8060	0.7244	0.0780	0.6903	0.7604	0.8089	0.7744	0.0622	
0.5247	52421     	0.6481	0.7233	0.8048	0.7233	0.0783	0.6888	0.7593	0.8081	0.7734	0.0625	
0.5257	52311     	0.6468	0.7222	0.8035	0.7222	0.0787	0.6876	0.7582	0.8072	0.7724	0.0628	
0.5267	52201     	0.6455	0.7209	0.8021	0.7209	0.0791	0.6862	0.7573	0.8066	0.7715	0.0631	
0.5277	52091     	0.6442	0.7199	0.8011	0.7199	0.0794	0.6848	0.7561	0.8056	0.7704	0.0634	
0.5287	51981     	0.6431	0.7187	0.7996	0.7187	0.0798	0.6836	0.7552	0.8050	0.7696	0.0637	
0.5297	51871     	0.6419	0.7175	0.7984	0.7175	0.0802	0.6822	0.7542	0.8043	0.7686	0.0640	
0.5307	51761     	0.6405	0.7164	0.7974	0.7164	0.0805	0.6809	0.7531	0.8034	0.7676	0.0643	
0.5317	51651     	0.6394	0.7152	0.7959	0.7152	0.0809	0.6797	0.7522	0.8027	0.7666	0.0646	
0.5326	51541     	0.6380	0.7141	0.7946	0.7141	0.0813	0.6783	0.7512	0.8020	0.7657	0.0649	
0.5336	51431     	0.6368	0.7130	0.7933	0.7130	0.0816	0.6769	0.7501	0.8011	0.7647	0.0652	
0.5346	51321     	0.6357	0.7119	0.7920	0.7119	0.0820	0.6755	0.7489	0.8002	0.7636	0.0655	
0.5356	51211     	0.6344	0.7107	0.7905	0.7107	0.0824	0.6742	0.7479	0.7995	0.7627	0.0658	
0.5366	51101     	0.6332	0.7095	0.7891	0.7095	0.0827	0.6728	0.7469	0.7987	0.7617	0.0661	
0.5376	50991     	0.6321	0.7085	0.7882	0.7085	0.0831	0.6713	0.7457	0.7978	0.7606	0.0665	
0.5386	50881     	0.6311	0.7072	0.7866	0.7072	0.0835	0.6702	0.7448	0.7971	0.7597	0.0667	
0.5396	50771     	0.6298	0.7060	0.7852	0.7060	0.0839	0.6689	0.7438	0.7965	0.7588	0.0670	
0.5406	50661     	0.6285	0.7047	0.7836	0.7047	0.0843	0.6673	0.7428	0.7958	0.7579	0.0673	
0.5416	50551     	0.6272	0.7035	0.7823	0.7035	0.0847	0.6659	0.7418	0.7951	0.7569	0.0676	
0.5426	50441     	0.6260	0.7023	0.7810	0.7023	0.0851	0.6645	0.7407	0.7942	0.7559	0.0679	
0.5436	50331     	0.6249	0.7012	0.7799	0.7012	0.0854	0.6630	0.7396	0.7935	0.7549	0.0682	
0.5446	50221     	0.6237	0.7000	0.7785	0.7000	0.0858	0.6617	0.7386	0.7927	0.7540	0.0685	
0.5456	50111     	0.6224	0.6988	0.7772	0.6988	0.0862	0.6601	0.7375	0.7920	0.7530	0.0689	
0.5466	50001     	0.6211	0.6975	0.7755	0.6975	0.0866	0.6587	0.7365	0.7913	0.7520	0.0692	
0.5476	49891     	0.6200	0.6964	0.7742	0.6964	0.0870	0.6571	0.7353	0.7905	0.7509	0.0695	
0.5486	49781     	0.6189	0.6950	0.7723	0.6950	0.0875	0.6561	0.7344	0.7898	0.7501	0.0698	
0.5496	49671     	0.6178	0.6938	0.7711	0.6938	0.0878	0.6545	0.7333	0.7891	0.7490	0.0701	
0.5506	49561     	0.6164	0.6925	0.7696	0.6925	0.0883	0.6531	0.7323	0.7883	0.7481	0.0704	
0.5516	49451     	0.6151	0.6913	0.7682	0.6913	0.0887	0.6517	0.7312	0.7876	0.7472	0.0707	
0.5526	49341     	0.6141	0.6901	0.7667	0.6901	0.0891	0.6502	0.7301	0.7868	0.7461	0.0710	
0.5536	49231     	0.6129	0.6888	0.7651	0.6888	0.0895	0.6487	0.7290	0.7860	0.7451	0.0713	
0.5546	49121     	0.6119	0.6876	0.7638	0.6876	0.0899	0.6475	0.7279	0.7851	0.7440	0.0717	
0.5556	49011     	0.6105	0.6864	0.7624	0.6864	0.0903	0.6461	0.7269	0.7843	0.7431	0.0720	
0.5566	48901     	0.6092	0.6851	0.7610	0.6851	0.0907	0.6445	0.7258	0.7835	0.7421	0.0723	
0.5576	48791     	0.6084	0.6838	0.7594	0.6838	0.0912	0.6431	0.7247	0.7827	0.7410	0.0726	
0.5586	48681     	0.6072	0.6825	0.7580	0.6825	0.0916	0.6417	0.7236	0.7820	0.7400	0.0730	
0.5596	48571     	0.6060	0.6813	0.7564	0.6813	0.0920	0.6403	0.7225	0.7810	0.7389	0.0733	
0.5606	48461     	0.6045	0.6799	0.7547	0.6799	0.0925	0.6390	0.7215	0.7804	0.7381	0.0736	
0.5616	48351     	0.6034	0.6787	0.7533	0.6787	0.0929	0.6375	0.7204	0.7795	0.7370	0.0739	
0.5626	48241     	0.6022	0.6774	0.7516	0.6774	0.0933	0.6361	0.7193	0.7786	0.7360	0.0742	
0.5636	48131     	0.6011	0.6759	0.7499	0.6759	0.0938	0.6345	0.7183	0.7781	0.7350	0.0745	
0.5646	48021     	0.6000	0.6748	0.7487	0.6748	0.0942	0.6330	0.7171	0.7772	0.7339	0.0749	
0.5656	47911     	0.5988	0.6735	0.7470	0.6735	0.0946	0.6316	0.7160	0.7762	0.7329	0.0752	
0.5666	47801     	0.5976	0.6721	0.7454	0.6721	0.0951	0.6301	0.7149	0.7755	0.7319	0.0755	
0.5676	47691     	0.5963	0.6708	0.7440	0.6708	0.0955	0.6286	0.7139	0.7749	0.7310	0.0759	
0.5686	47581     	0.5951	0.6695	0.7424	0.6695	0.0960	0.6270	0.7127	0.7740	0.7299	0.0762	
0.5696	47471     	0.5940	0.6681	0.7408	0.6681	0.0964	0.6256	0.7116	0.7733	0.7289	0.0765	
0.5706	47361     	0.5929	0.6669	0.7395	0.6669	0.0968	0.6240	0.7104	0.7723	0.7276	0.0769	
0.5715	47251     	0.5915	0.6655	0.7379	0.6655	0.0973	0.6224	0.7093	0.7716	0.7267	0.0772	
0.5725	47141     	0.5902	0.6642	0.7364	0.6642	0.0977	0.6208	0.7082	0.7707	0.7256	0.0776	
0.5735	47031     	0.5891	0.6630	0.7349	0.6630	0.0982	0.6193	0.7070	0.7699	0.7245	0.0779	
0.5745	46921     	0.5878	0.6617	0.7332	0.6617	0.0986	0.6179	0.7060	0.7690	0.7236	0.0782	
0.5755	46811     	0.5866	0.6603	0.7316	0.6603	0.0991	0.6163	0.7048	0.7683	0.7225	0.0786	
0.5765	46701     	0.5853	0.6589	0.7300	0.6589	0.0995	0.6147	0.7037	0.7675	0.7215	0.0789	
0.5775	46591     	0.5842	0.6577	0.7287	0.6577	0.1000	0.6131	0.7025	0.7666	0.7203	0.0793	
0.5785	46481     	0.5829	0.6563	0.7271	0.6563	0.1004	0.6119	0.7015	0.7657	0.7194	0.0796	
0.5795	46371     	0.5818	0.6551	0.7259	0.6551	0.1009	0.6100	0.7002	0.7649	0.7182	0.0800	
0.5805	46261     	0.5804	0.6537	0.7243	0.6537	0.1013	0.6084	0.6990	0.7640	0.7171	0.0803	
0.5815	46151     	0.5792	0.6524	0.7230	0.6524	0.1018	0.6065	0.6977	0.7631	0.7160	0.0807	
0.5825	46041     	0.5780	0.6511	0.7214	0.6511	0.1022	0.6053	0.6966	0.7622	0.7149	0.0811	
0.5835	45931     	0.5767	0.6498	0.7197	0.6498	0.1027	0.6036	0.6955	0.7614	0.7138	0.0814	
0.5845	45821     	0.5757	0.6485	0.7184	0.6485	0.1031	0.6019	0.6942	0.7604	0.7126	0.0818	
0.5855	45711     	0.5743	0.6471	0.7167	0.6471	0.1036	0.6004	0.6931	0.7596	0.7117	0.0821	
0.5865	45601     	0.5731	0.6457	0.7149	0.6457	0.1041	0.5989	0.6920	0.7588	0.7106	0.0825	
0.5875	45491     	0.5720	0.6444	0.7138	0.6444	0.1046	0.5969	0.6907	0.7581	0.7095	0.0829	
0.5885	45381     	0.5706	0.6429	0.7117	0.6429	0.1051	0.5955	0.6896	0.7571	0.7084	0.0832	
0.5895	45271     	0.5695	0.6416	0.7104	0.6416	0.1055	0.5937	0.6884	0.7563	0.7073	0.0836	
0.5905	45161     	0.5681	0.6402	0.7088	0.6402	0.1060	0.5920	0.6871	0.7553	0.7062	0.0840	
0.5915	45051     	0.5668	0.6388	0.7074	0.6388	0.1065	0.5904	0.6860	0.7545	0.7051	0.0843	
0.5925	44941     	0.5655	0.6375	0.7057	0.6375	0.1070	0.5888	0.6848	0.7537	0.7040	0.0847	
0.5935	44831     	0.5646	0.6362	0.7044	0.6362	0.1074	0.5873	0.6836	0.7527	0.7029	0.0850	
0.5945	44721     	0.5632	0.6347	0.7028	0.6347	0.1079	0.5855	0.6824	0.7518	0.7018	0.0854	
0.5955	44611     	0.5618	0.6334	0.7013	0.6334	0.1084	0.5840	0.6812	0.7509	0.7007	0.0858	
0.5965	44501     	0.5607	0.6321	0.6999	0.6321	0.1088	0.5821	0.6800	0.7501	0.6996	0.0862	
0.5975	44391     	0.5595	0.6308	0.6985	0.6308	0.1093	0.5805	0.6787	0.7491	0.6984	0.0866	
0.5985	44281     	0.5584	0.6294	0.6972	0.6294	0.1098	0.5785	0.6774	0.7482	0.6972	0.0870	
0.5995	44171     	0.5570	0.6281	0.6956	0.6281	0.1103	0.5767	0.6762	0.7474	0.6961	0.0873	
0.6005	44061     	0.5559	0.6267	0.6942	0.6267	0.1108	0.5751	0.6749	0.7463	0.6949	0.0877	
0.6015	43951     	0.5545	0.6253	0.6925	0.6253	0.1113	0.5734	0.6738	0.7457	0.6939	0.0881	
0.6025	43841     	0.5534	0.6240	0.6910	0.6240	0.1117	0.5718	0.6725	0.7448	0.6927	0.0885	
0.6035	43731     	0.5521	0.6226	0.6895	0.6226	0.1122	0.5699	0.6712	0.7437	0.6914	0.0889	
0.6045	43621     	0.5507	0.6212	0.6879	0.6212	0.1127	0.5682	0.6699	0.7427	0.6903	0.0893	
0.6055	43511     	0.5493	0.6198	0.6865	0.6198	0.1132	0.5666	0.6687	0.7418	0.6891	0.0897	
0.6065	43401     	0.5479	0.6184	0.6850	0.6184	0.1137	0.5649	0.6674	0.7408	0.6880	0.0901	
0.6075	43291     	0.5467	0.6169	0.6833	0.6169	0.1143	0.5631	0.6662	0.7399	0.6868	0.0905	
0.6085	43181     	0.5450	0.6155	0.6816	0.6155	0.1148	0.5615	0.6649	0.7388	0.6856	0.0909	
0.6095	43071     	0.5435	0.6140	0.6800	0.6140	0.1153	0.5598	0.6637	0.7381	0.6845	0.0913	
0.6104	42961     	0.5422	0.6125	0.6784	0.6125	0.1158	0.5582	0.6624	0.7370	0.6832	0.0917	
0.6114	42851     	0.5407	0.6110	0.6764	0.6110	0.1164	0.5565	0.6613	0.7362	0.6822	0.0920	
0.6124	42741     	0.5395	0.6094	0.6748	0.6094	0.1170	0.5548	0.6600	0.7353	0.6810	0.0924	
0.6134	42631     	0.5382	0.6079	0.6732	0.6079	0.1175	0.5531	0.6586	0.7342	0.6797	0.0929	
0.6144	42521     	0.5372	0.6064	0.6716	0.6064	0.1180	0.5513	0.6572	0.7333	0.6784	0.0933	
0.6154	42411     	0.5360	0.6048	0.6695	0.6048	0.1186	0.5497	0.6559	0.7322	0.6772	0.0938	
0.6164	42301     	0.5350	0.6035	0.6681	0.6035	0.1191	0.5478	0.6544	0.7309	0.6757	0.0943	
0.6174	42191     	0.5338	0.6019	0.6662	0.6019	0.1197	0.5461	0.6530	0.7299	0.6744	0.0947	
0.6184	42081     	0.5327	0.6005	0.6647	0.6005	0.1202	0.5441	0.6516	0.7288	0.6731	0.0952	
0.6194	41971     	0.5316	0.5990	0.6630	0.5990	0.1208	0.5425	0.6502	0.7277	0.6717	0.0956	
0.6204	41861     	0.5307	0.5975	0.6617	0.5975	0.1213	0.5403	0.6487	0.7266	0.6703	0.0961	
0.6214	41751     	0.5293	0.5959	0.6597	0.5959	0.1219	0.5386	0.6473	0.7256	0.6691	0.0965	
0.6224	41641     	0.5282	0.5944	0.6586	0.5944	0.1224	0.5366	0.6459	0.7245	0.6677	0.0970	
0.6234	41531     	0.5270	0.5928	0.6568	0.5928	0.1230	0.5347	0.6445	0.7235	0.6664	0.0975	
0.6244	41421     	0.5258	0.5912	0.6548	0.5912	0.1236	0.5330	0.6432	0.7226	0.6652	0.0979	
0.6254	41311     	0.5247	0.5897	0.6532	0.5897	0.1242	0.5311	0.6418	0.7216	0.6639	0.0983	
0.6264	41201     	0.5234	0.5882	0.6513	0.5882	0.1247	0.5294	0.6403	0.7204	0.6625	0.0988	
0.6274	41091     	0.5221	0.5866	0.6496	0.5866	0.1253	0.5274	0.6389	0.7192	0.6611	0.0993	
0.6284	40981     	0.5210	0.5851	0.6479	0.5851	0.1259	0.5259	0.6375	0.7181	0.6599	0.0998	
0.6294	40871     	0.5197	0.5835	0.6464	0.5835	0.1265	0.5234	0.6360	0.7173	0.6586	0.1002	
0.6304	40761     	0.5186	0.5820	0.6445	0.5820	0.1271	0.5221	0.6347	0.7160	0.6572	0.1007	
0.6314	40651     	0.5172	0.5803	0.6428	0.5803	0.1277	0.5197	0.6332	0.7153	0.6560	0.1011	
0.6324	40541     	0.5161	0.5788	0.6411	0.5788	0.1282	0.5182	0.6319	0.7140	0.6546	0.1016	
0.6334	40431     	0.5148	0.5771	0.6391	0.5771	0.1289	0.5163	0.6305	0.7132	0.6534	0.1021	
0.6344	40321     	0.5136	0.5756	0.6377	0.5756	0.1295	0.5143	0.6289	0.7119	0.6519	0.1026	
0.6354	40211     	0.5122	0.5739	0.6357	0.5739	0.1301	0.5128	0.6276	0.7107	0.6505	0.1031	
0.6364	40101     	0.5110	0.5723	0.6342	0.5723	0.1307	0.5104	0.6260	0.7096	0.6491	0.1036	
0.6374	39991     	0.5095	0.5707	0.6318	0.5707	0.1313	0.5093	0.6247	0.7083	0.6478	0.1040	
0.6384	39881     	0.5085	0.5692	0.6311	0.5692	0.1319	0.5064	0.6230	0.7073	0.6463	0.1046	
0.6394	39771     	0.5072	0.5675	0.6286	0.5675	0.1325	0.5058	0.6219	0.7061	0.6451	0.1050	
0.6404	39661     	0.5063	0.5661	0.6274	0.5661	0.1331	0.5037	0.6203	0.7049	0.6436	0.1055	
0.6414	39551     	0.5049	0.5643	0.6252	0.5643	0.1338	0.5020	0.6190	0.7040	0.6425	0.1059	
0.6424	39441     	0.5039	0.5627	0.6236	0.5627	0.1344	0.5001	0.6176	0.7029	0.6411	0.1064	
0.6434	39331     	0.5026	0.5610	0.6218	0.5610	0.1350	0.4983	0.6162	0.7018	0.6398	0.1069	
0.6444	39221     	0.5013	0.5594	0.6201	0.5594	0.1356	0.4965	0.6147	0.7006	0.6384	0.1074	
0.6454	39111     	0.5004	0.5580	0.6186	0.5580	0.1362	0.4949	0.6133	0.6993	0.6370	0.1079	
0.6464	39001     	0.4991	0.5564	0.6167	0.5564	0.1368	0.4933	0.6119	0.6981	0.6356	0.1084	
0.6474	38891     	0.4980	0.5549	0.6157	0.5549	0.1374	0.4908	0.6102	0.6971	0.6341	0.1089	
0.6484	38781     	0.4964	0.5531	0.6127	0.5531	0.1381	0.4900	0.6090	0.6957	0.6328	0.1094	
0.6493	38671     	0.4954	0.5516	0.6117	0.5516	0.1387	0.4871	0.6074	0.6949	0.6314	0.1099	
0.6503	38561     	0.4939	0.5497	0.6090	0.5497	0.1394	0.4861	0.6062	0.6939	0.6302	0.1103	
0.6513	38451     	0.4930	0.5482	0.6080	0.5482	0.1400	0.4836	0.6045	0.6926	0.6287	0.1109	
0.6523	38341     	0.4916	0.5466	0.6059	0.5466	0.1406	0.4824	0.6032	0.6913	0.6273	0.1114	
0.6533	38231     	0.4904	0.5450	0.6043	0.5450	0.1413	0.4805	0.6017	0.6901	0.6259	0.1119	
0.6543	38121     	0.4890	0.5432	0.6025	0.5432	0.1420	0.4784	0.6002	0.6891	0.6246	0.1124	
0.6553	38011     	0.4878	0.5416	0.6008	0.5416	0.1426	0.4771	0.5988	0.6877	0.6232	0.1129	
0.6563	37901     	0.4867	0.5400	0.5993	0.5400	0.1433	0.4748	0.5972	0.6867	0.6217	0.1135	
0.6573	37791     	0.4852	0.5382	0.5969	0.5382	0.1439	0.4737	0.5960	0.6855	0.6204	0.1139	
0.6583	37681     	0.4841	0.5367	0.5957	0.5367	0.1446	0.4715	0.5943	0.6842	0.6189	0.1145	
0.6593	37571     	0.4826	0.5349	0.5932	0.5349	0.1453	0.4706	0.5930	0.6828	0.6175	0.1150	
0.6603	37461     	0.4816	0.5334	0.5922	0.5334	0.1459	0.4678	0.5912	0.6816	0.6159	0.1156	
0.6613	37351     	0.4802	0.5315	0.5898	0.5315	0.1466	0.4667	0.5901	0.6805	0.6147	0.1160	
0.6623	37241     	0.4791	0.5299	0.5884	0.5299	0.1473	0.4648	0.5885	0.6792	0.6132	0.1166	
0.6633	37131     	0.4779	0.5283	0.5867	0.5283	0.1479	0.4632	0.5871	0.6779	0.6119	0.1171	
0.6643	37021     	0.4765	0.5265	0.5845	0.5265	0.1486	0.4615	0.5857	0.6768	0.6105	0.1176	
0.6653	36911     	0.4755	0.5249	0.5832	0.5249	0.1493	0.4593	0.5840	0.6755	0.6089	0.1182	
0.6663	36801     	0.4740	0.5231	0.5807	0.5231	0.1500	0.4581	0.5827	0.6742	0.6077	0.1186	
0.6673	36691     	0.4731	0.5216	0.5792	0.5216	0.1506	0.4558	0.5810	0.6729	0.6061	0.1193	
0.6683	36581     	0.4717	0.5197	0.5765	0.5197	0.1514	0.4552	0.5799	0.6717	0.6048	0.1197	
0.6693	36471     	0.4708	0.5182	0.5759	0.5182	0.1520	0.4521	0.5780	0.6705	0.6032	0.1203	
0.6703	36361     	0.4694	0.5165	0.5736	0.5165	0.1527	0.4511	0.5765	0.6689	0.6016	0.1209	
0.6713	36251     	0.4685	0.5149	0.5720	0.5149	0.1534	0.4492	0.5749	0.6675	0.6000	0.1215	
0.6723	36141     	0.4672	0.5132	0.5701	0.5132	0.1541	0.4475	0.5733	0.6660	0.5984	0.1221	
0.6733	36031     	0.4654	0.5114	0.5678	0.5114	0.1548	0.4458	0.5718	0.6646	0.5970	0.1226	
0.6743	35921     	0.4643	0.5097	0.5660	0.5097	0.1555	0.4439	0.5702	0.6633	0.5955	0.1232	
0.6753	35811     	0.4628	0.5079	0.5640	0.5079	0.1562	0.4427	0.5689	0.6619	0.5942	0.1237	
0.6763	35701     	0.4618	0.5064	0.5626	0.5064	0.1569	0.4401	0.5671	0.6607	0.5925	0.1244	
0.6773	35591     	0.4603	0.5046	0.5601	0.5046	0.1576	0.4393	0.5660	0.6595	0.5913	0.1248	
0.6783	35481     	0.4592	0.5031	0.5589	0.5031	0.1582	0.4371	0.5640	0.6578	0.5894	0.1255	
0.6793	35371     	0.4579	0.5013	0.5565	0.5013	0.1590	0.4359	0.5626	0.6564	0.5880	0.1260	
0.6803	35261     	0.4567	0.4996	0.5551	0.4996	0.1597	0.4333	0.5608	0.6551	0.5863	0.1267	
0.6813	35151     	0.4553	0.4977	0.5526	0.4977	0.1605	0.4321	0.5594	0.6535	0.5849	0.1272	
0.6823	35041     	0.4537	0.4959	0.5507	0.4959	0.1612	0.4299	0.5578	0.6523	0.5834	0.1278	
0.6833	34931     	0.4524	0.4943	0.5490	0.4943	0.1619	0.4284	0.5564	0.6509	0.5820	0.1284	
0.6843	34821     	0.4509	0.4926	0.5468	0.4926	0.1626	0.4270	0.5548	0.6493	0.5804	0.1290	
0.6853	34711     	0.4497	0.4909	0.5450	0.4909	0.1634	0.4248	0.5531	0.6479	0.5788	0.1296	
0.6863	34601     	0.4482	0.4890	0.5426	0.4890	0.1642	0.4235	0.5518	0.6467	0.5774	0.1301	
0.6873	34491     	0.4472	0.4875	0.5416	0.4875	0.1648	0.4210	0.5499	0.6452	0.5756	0.1308	
0.6882	34381     	0.4457	0.4856	0.5389	0.4856	0.1656	0.4204	0.5486	0.6437	0.5743	0.1313	
0.6892	34271     	0.4446	0.4840	0.5380	0.4840	0.1663	0.4173	0.5467	0.6425	0.5726	0.1320	
0.6902	34161     	0.4428	0.4822	0.5352	0.4822	0.1671	0.4166	0.5453	0.6408	0.5711	0.1326	
0.6912	34051     	0.4414	0.4805	0.5336	0.4805	0.1679	0.4146	0.5437	0.6393	0.5695	0.1332	
0.6922	33941     	0.4398	0.4787	0.5315	0.4787	0.1686	0.4132	0.5423	0.6380	0.5681	0.1337	
0.6932	33831     	0.4387	0.4771	0.5301	0.4771	0.1693	0.4112	0.5406	0.6366	0.5665	0.1344	
0.6942	33721     	0.4373	0.4753	0.5280	0.4753	0.1701	0.4097	0.5391	0.6352	0.5650	0.1350	
0.6952	33611     	0.4360	0.4737	0.5264	0.4737	0.1708	0.4079	0.5374	0.6336	0.5633	0.1356	
0.6962	33501     	0.4347	0.4719	0.5243	0.4719	0.1716	0.4068	0.5360	0.6322	0.5618	0.1362	
0.6972	33391     	0.4334	0.4702	0.5230	0.4702	0.1724	0.4040	0.5344	0.6312	0.5604	0.1368	
0.6982	33281     	0.4320	0.4683	0.5205	0.4683	0.1732	0.4030	0.5329	0.6297	0.5588	0.1374	
0.6992	33171     	0.4306	0.4667	0.5188	0.4667	0.1739	0.4010	0.5311	0.6283	0.5571	0.1381	
0.7002	33061     	0.4289	0.4647	0.5164	0.4647	0.1748	0.3994	0.5297	0.6271	0.5558	0.1386	
0.7012	32951     	0.4279	0.4631	0.5153	0.4631	0.1755	0.3970	0.5278	0.6257	0.5540	0.1393	
0.7022	32841     	0.4259	0.4611	0.5126	0.4611	0.1764	0.3959	0.5266	0.6245	0.5528	0.1398	
0.7032	32731     	0.4245	0.4593	0.5106	0.4593	0.1772	0.3943	0.5251	0.6232	0.5512	0.1404	
0.7042	32621     	0.4231	0.4574	0.5086	0.4574	0.1780	0.3922	0.5234	0.6222	0.5497	0.1411	
0.7052	32511     	0.4217	0.4555	0.5064	0.4555	0.1789	0.3906	0.5219	0.6210	0.5482	0.1417	
0.7062	32401     	0.4205	0.4537	0.5049	0.4537	0.1797	0.3885	0.5203	0.6199	0.5466	0.1423	
0.7072	32291     	0.4188	0.4517	0.5020	0.4517	0.1806	0.3878	0.5190	0.6187	0.5453	0.1429	
0.7082	32181     	0.4177	0.4499	0.5010	0.4499	0.1814	0.3846	0.5172	0.6178	0.5437	0.1435	
0.7092	32071     	0.4162	0.4478	0.4980	0.4478	0.1824	0.3839	0.5160	0.6168	0.5424	0.1440	
0.7102	31961     	0.4150	0.4461	0.4965	0.4461	0.1832	0.3816	0.5140	0.6155	0.5405	0.1448	
0.7112	31851     	0.4130	0.4439	0.4935	0.4439	0.1841	0.3805	0.5127	0.6143	0.5392	0.1454	
0.7122	31741     	0.4119	0.4422	0.4920	0.4422	0.1850	0.3785	0.5110	0.6131	0.5376	0.1460	
0.7132	31631     	0.4107	0.4403	0.4901	0.4403	0.1858	0.3768	0.5094	0.6118	0.5360	0.1467	
0.7142	31521     	0.4093	0.4384	0.4880	0.4384	0.1867	0.3753	0.5079	0.6105	0.5344	0.1473	
0.7152	31411     	0.4081	0.4367	0.4863	0.4367	0.1875	0.3732	0.5060	0.6093	0.5326	0.1481	
0.7162	31301     	0.4060	0.4345	0.4833	0.4345	0.1885	0.3723	0.5049	0.6084	0.5314	0.1486	
0.7172	31191     	0.4036	0.4329	0.4826	0.4329	0.1893	0.3693	0.5029	0.6072	0.5296	0.1494	
0.7182	31081     	0.4027	0.4309	0.4799	0.4309	0.1902	0.3687	0.5016	0.6060	0.5282	0.1499	
0.7192	30971     	0.4005	0.4289	0.4776	0.4289	0.1911	0.3667	0.4997	0.6046	0.5263	0.1507	
0.7202	30861     	0.3986	0.4270	0.4756	0.4270	0.1920	0.3650	0.4981	0.6033	0.5247	0.1514	
0.7212	30751     	0.3967	0.4251	0.4737	0.4251	0.1929	0.3634	0.4966	0.6021	0.5232	0.1520	
0.7222	30641     	0.3947	0.4232	0.4719	0.4232	0.1939	0.3617	0.4951	0.6009	0.5218	0.1526	
0.7232	30531     	0.3926	0.4212	0.4694	0.4212	0.1948	0.3599	0.4933	0.5996	0.5199	0.1534	
0.7242	30421     	0.3908	0.4194	0.4679	0.4194	0.1956	0.3585	0.4916	0.5982	0.5183	0.1541	
0.7252	30311     	0.3892	0.4172	0.4648	0.4172	0.1967	0.3572	0.4902	0.5970	0.5168	0.1547	
0.7261	30201     	0.3856	0.4156	0.4640	0.4156	0.1975	0.3542	0.4882	0.5959	0.5150	0.1555	
0.7271	30091     	0.3848	0.4133	0.4610	0.4133	0.1986	0.3536	0.4872	0.5950	0.5139	0.1559	
0.7281	29981     	0.3826	0.4115	0.4591	0.4115	0.1995	0.3516	0.4852	0.5935	0.5119	0.1568	
0.7291	29871     	0.3806	0.4093	0.4563	0.4093	0.2005	0.3501	0.4837	0.5922	0.5104	0.1574	
0.7301	29761     	0.3782	0.4075	0.4550	0.4075	0.2014	0.3478	0.4819	0.5910	0.5088	0.1582	
0.7311	29651     	0.3766	0.4054	0.4523	0.4054	0.2024	0.3465	0.4803	0.5898	0.5071	0.1589	
0.7321	29541     	0.3745	0.4037	0.4507	0.4037	0.2033	0.3449	0.4785	0.5882	0.5052	0.1597	
0.7331	29431     	0.3728	0.4016	0.4482	0.4016	0.2043	0.3435	0.4771	0.5870	0.5038	0.1603	
0.7341	29321     	0.3700	0.3997	0.4465	0.3997	0.2053	0.3410	0.4751	0.5858	0.5019	0.1611	
0.7351	29211     	0.3684	0.3977	0.4443	0.3977	0.2063	0.3396	0.4736	0.5846	0.5004	0.1618	
0.7361	29101     	0.3666	0.3955	0.4412	0.3955	0.2074	0.3383	0.4719	0.5830	0.4986	0.1625	
0.7371	28991     	0.3638	0.3936	0.4394	0.3936	0.2083	0.3357	0.4700	0.5818	0.4969	0.1633	
0.7381	28881     	0.3624	0.3917	0.4374	0.3917	0.2093	0.3345	0.4683	0.5803	0.4951	0.1641	
0.7391	28771     	0.3599	0.3897	0.4351	0.3897	0.2103	0.3325	0.4665	0.5790	0.4933	0.1649	
0.7401	28661     	0.3581	0.3877	0.4328	0.3877	0.2113	0.3310	0.4648	0.5777	0.4916	0.1656	
0.7411	28551     	0.3556	0.3853	0.4299	0.3853	0.2125	0.3290	0.4632	0.5766	0.4901	0.1663	
0.7421	28441     	0.3536	0.3836	0.4283	0.3836	0.2134	0.3271	0.4611	0.5748	0.4879	0.1673	
0.7431	28331     	0.3525	0.3811	0.4246	0.3811	0.2147	0.3264	0.4600	0.5737	0.4868	0.1678	
0.7441	28221     	0.3489	0.3795	0.4240	0.3795	0.2155	0.3236	0.4578	0.5721	0.4847	0.1687	
0.7451	28111     	0.3477	0.3772	0.4206	0.3772	0.2167	0.3225	0.4561	0.5707	0.4829	0.1695	
0.7461	28001     	0.3452	0.3752	0.4186	0.3752	0.2177	0.3203	0.4543	0.5694	0.4811	0.1703	
0.7471	27891     	0.3439	0.3729	0.4152	0.3729	0.2189	0.3193	0.4528	0.5680	0.4795	0.1710	
0.7481	27781     	0.3403	0.3711	0.4140	0.3711	0.2199	0.3161	0.4507	0.5666	0.4776	0.1719	
0.7491	27671     	0.3393	0.3689	0.4113	0.3689	0.2210	0.3153	0.4491	0.5650	0.4758	0.1727	
0.7501	27561     	0.3371	0.3666	0.4081	0.3666	0.2222	0.3135	0.4473	0.5637	0.4741	0.1735	
0.7511	27451     	0.3359	0.3647	0.4062	0.3647	0.2233	0.3123	0.4455	0.5620	0.4722	0.1743	
0.7521	27341     	0.3316	0.3626	0.4048	0.3626	0.2244	0.3087	0.4436	0.5610	0.4705	0.1751	
0.7531	27231     	0.3304	0.3606	0.4020	0.3606	0.2254	0.3078	0.4417	0.5594	0.4685	0.1760	
0.7541	27121     	0.3288	0.3586	0.3997	0.3586	0.2265	0.3063	0.4398	0.5575	0.4665	0.1769	
0.7551	27011     	0.3275	0.3563	0.3961	0.3563	0.2278	0.3053	0.4382	0.5559	0.4648	0.1777	
0.7561	26901     	0.3229	0.3543	0.3952	0.3543	0.2289	0.3014	0.4361	0.5550	0.4631	0.1786	
0.7571	26791     	0.3221	0.3522	0.3922	0.3522	0.2300	0.3009	0.4344	0.5534	0.4612	0.1794	
0.7581	26681     	0.3203	0.3503	0.3902	0.3503	0.2310	0.2992	0.4324	0.5515	0.4590	0.1804	
0.7591	26571     	0.3183	0.3480	0.3870	0.3480	0.2323	0.2976	0.4305	0.5501	0.4571	0.1813	
0.7601	26461     	0.3159	0.3459	0.3848	0.3459	0.2335	0.2957	0.4288	0.5487	0.4554	0.1821	
0.7611	26351     	0.3136	0.3439	0.3825	0.3439	0.2346	0.2938	0.4269	0.5471	0.4536	0.1830	
0.7621	26241     	0.3118	0.3422	0.3812	0.3422	0.2355	0.2923	0.4249	0.5454	0.4515	0.1840	
0.7631	26131     	0.3100	0.3397	0.3778	0.3397	0.2369	0.2908	0.4235	0.5442	0.4500	0.1846	
0.7641	26021     	0.3070	0.3380	0.3765	0.3380	0.2379	0.2883	0.4214	0.5428	0.4480	0.1856	
0.7650	25911     	0.3053	0.3361	0.3746	0.3361	0.2390	0.2870	0.4196	0.5413	0.4461	0.1865	
0.7660	25801     	0.3035	0.3338	0.3714	0.3338	0.2403	0.2853	0.4180	0.5400	0.4445	0.1873	
0.7670	25691     	0.3016	0.3317	0.3691	0.3317	0.2414	0.2837	0.4161	0.5384	0.4426	0.1882	
0.7680	25581     	0.2979	0.3297	0.3674	0.3297	0.2426	0.2806	0.4141	0.5372	0.4408	0.1891	
0.7690	25471     	0.2969	0.3278	0.3655	0.3278	0.2437	0.2798	0.4123	0.5351	0.4388	0.1900	
0.7700	25361     	0.2943	0.3258	0.3634	0.3258	0.2449	0.2776	0.4102	0.5336	0.4368	0.1910	
0.7710	25251     	0.2925	0.3235	0.3602	0.3235	0.2462	0.2761	0.4087	0.5325	0.4352	0.1918	
0.7720	25141     	0.2907	0.3218	0.3588	0.3218	0.2472	0.2746	0.4063	0.5301	0.4326	0.1930	
0.7730	25031     	0.2887	0.3195	0.3559	0.3195	0.2486	0.2728	0.4047	0.5290	0.4311	0.1938	
0.7740	24921     	0.2854	0.3175	0.3546	0.3175	0.2497	0.2702	0.4028	0.5275	0.4293	0.1947	
0.7750	24811     	0.2843	0.3155	0.3515	0.3155	0.2510	0.2694	0.4009	0.5257	0.4272	0.1957	
0.7760	24701     	0.2812	0.3135	0.3499	0.3135	0.2522	0.2666	0.3989	0.5244	0.4253	0.1967	
0.7770	24591     	0.2799	0.3110	0.3461	0.3110	0.2536	0.2656	0.3972	0.5229	0.4235	0.1976	
0.7780	24481     	0.2776	0.3091	0.3443	0.3091	0.2548	0.2636	0.3951	0.5213	0.4214	0.1986	
0.7790	24371     	0.2757	0.3072	0.3424	0.3072	0.2560	0.2620	0.3932	0.5195	0.4194	0.1996	
0.7800	24261     	0.2727	0.3052	0.3406	0.3052	0.2571	0.2594	0.3910	0.5178	0.4173	0.2007	
0.7810	24151     	0.2715	0.3031	0.3379	0.3031	0.2584	0.2585	0.3891	0.5160	0.4152	0.2017	
0.7820	24041     	0.2682	0.3011	0.3364	0.3011	0.2597	0.2557	0.3870	0.5144	0.4133	0.2027	
0.7830	23931     	0.2670	0.2990	0.3335	0.2990	0.2609	0.2548	0.3851	0.5123	0.4112	0.2038	
0.7840	23821     	0.2643	0.2973	0.3321	0.2973	0.2620	0.2524	0.3829	0.5108	0.4089	0.2049	
0.7850	23711     	0.2631	0.2947	0.3284	0.2947	0.2637	0.2514	0.3817	0.5096	0.4077	0.2055	
0.7860	23601     	0.2609	0.2934	0.3280	0.2934	0.2645	0.2496	0.3790	0.5071	0.4049	0.2070	
0.7870	23491     	0.2584	0.2907	0.3243	0.2907	0.2662	0.2476	0.3776	0.5062	0.4036	0.2077	
0.7880	23381     	0.2561	0.2890	0.3234	0.2890	0.2672	0.2458	0.3754	0.5043	0.4013	0.2089	
0.7890	23271     	0.2548	0.2866	0.3195	0.2866	0.2688	0.2448	0.3736	0.5024	0.3994	0.2098	
0.7900	23161     	0.2518	0.2848	0.3186	0.2848	0.2700	0.2421	0.3714	0.5008	0.3972	0.2110	
0.7910	23051     	0.2494	0.2830	0.3169	0.2830	0.2711	0.2403	0.3692	0.4990	0.3949	0.2122	
0.7920	22941     	0.2480	0.2807	0.3140	0.2807	0.2726	0.2391	0.3674	0.4972	0.3931	0.2132	
0.7930	22831     	0.2469	0.2783	0.3105	0.2783	0.2741	0.2382	0.3656	0.4951	0.3911	0.2142	
0.7940	22721     	0.2431	0.2768	0.3102	0.2768	0.2752	0.2353	0.3631	0.4933	0.3887	0.2155	
0.7950	22611     	0.2424	0.2741	0.3058	0.2741	0.2769	0.2349	0.3616	0.4914	0.3869	0.2164	
0.7960	22501     	0.2400	0.2726	0.3051	0.2726	0.2779	0.2327	0.3591	0.4892	0.3843	0.2177	
0.7970	22391     	0.2366	0.2706	0.3037	0.2706	0.2793	0.2297	0.3570	0.4877	0.3824	0.2188	
0.7980	22281     	0.2353	0.2686	0.3011	0.2686	0.2806	0.2288	0.3548	0.4854	0.3800	0.2201	
0.7990	22171     	0.2340	0.2663	0.2978	0.2663	0.2821	0.2279	0.3530	0.4836	0.3780	0.2212	
0.8000	22061     	0.2318	0.2648	0.2970	0.2648	0.2832	0.2256	0.3505	0.4814	0.3755	0.2225	
0.8010	21951     	0.2298	0.2622	0.2934	0.2622	0.2849	0.2241	0.3488	0.4799	0.3737	0.2235	
0.8020	21841     	0.2277	0.2604	0.2917	0.2604	0.2862	0.2222	0.3464	0.4777	0.3712	0.2249	
0.8030	21731     	0.2258	0.2585	0.2901	0.2585	0.2875	0.2208	0.3442	0.4754	0.3688	0.2262	
0.8039	21621     	0.2237	0.2562	0.2871	0.2562	0.2891	0.2191	0.3423	0.4738	0.3669	0.2272	
0.8049	21511     	0.2210	0.2542	0.2855	0.2542	0.2905	0.2165	0.3401	0.4719	0.3648	0.2284	
0.8059	21401     	0.2197	0.2525	0.2837	0.2525	0.2917	0.2158	0.3377	0.4691	0.3620	0.2299	
0.8069	21291     	0.2178	0.2499	0.2798	0.2499	0.2935	0.2141	0.3360	0.4678	0.3603	0.2309	
0.8079	21181     	0.2145	0.2482	0.2795	0.2482	0.2947	0.2112	0.3334	0.4656	0.3578	0.2324	
0.8089	21071     	0.2132	0.2460	0.2761	0.2460	0.2963	0.2106	0.3314	0.4636	0.3556	0.2336	
0.8099	20961     	0.2111	0.2438	0.2736	0.2438	0.2979	0.2083	0.3292	0.4615	0.3533	0.2349	
0.8109	20851     	0.2097	0.2417	0.2709	0.2417	0.2994	0.2074	0.3269	0.4591	0.3508	0.2363	
0.8119	20741     	0.2065	0.2400	0.2697	0.2400	0.3007	0.2047	0.3243	0.4567	0.3483	0.2378	
0.8129	20631     	0.2054	0.2372	0.2651	0.2372	0.3027	0.2039	0.3227	0.4548	0.3464	0.2388	
0.8139	20521     	0.2031	0.2358	0.2647	0.2358	0.3037	0.2017	0.3196	0.4518	0.3432	0.2407	
0.8149	20411     	0.2004	0.2336	0.2625	0.2336	0.3054	0.1993	0.3173	0.4497	0.3409	0.2421	
0.8159	20301     	0.1992	0.2308	0.2578	0.2308	0.3074	0.1984	0.3156	0.4477	0.3390	0.2431	
0.8169	20191     	0.1965	0.2293	0.2572	0.2293	0.3086	0.1958	0.3125	0.4447	0.3358	0.2450	
0.8179	20081     	0.1943	0.2273	0.2551	0.2273	0.3101	0.1938	0.3098	0.4417	0.3330	0.2467	
0.8189	19971     	0.1926	0.2247	0.2511	0.2247	0.3121	0.1924	0.3080	0.4399	0.3311	0.2478	
0.8199	19861     	0.1901	0.2233	0.2506	0.2233	0.3132	0.1902	0.3048	0.4365	0.3277	0.2499	
0.8209	19751     	0.1883	0.2205	0.2464	0.2205	0.3153	0.1883	0.3030	0.4347	0.3259	0.2510	
0.8219	19641     	0.1860	0.2190	0.2453	0.2190	0.3166	0.1865	0.3000	0.4315	0.3228	0.2528	
0.8229	19531     	0.1844	0.2170	0.2431	0.2170	0.3181	0.1851	0.2974	0.4281	0.3198	0.2546	
0.8239	19421     	0.1809	0.2145	0.2402	0.2145	0.3201	0.1820	0.2955	0.4267	0.3182	0.2557	
0.8249	19311     	0.1796	0.2124	0.2375	0.2124	0.3218	0.1811	0.2930	0.4237	0.3153	0.2574	
0.8259	19201     	0.1773	0.2105	0.2359	0.2105	0.3233	0.1784	0.2901	0.4204	0.3124	0.2592	
0.8269	19091     	0.1749	0.2082	0.2332	0.2082	0.3252	0.1767	0.2879	0.4177	0.3102	0.2606	
0.8279	18981     	0.1728	0.2060	0.2307	0.2060	0.3270	0.1746	0.2854	0.4145	0.3075	0.2622	
0.8289	18871     	0.1699	0.2042	0.2297	0.2042	0.3285	0.1719	0.2823	0.4109	0.3044	0.2642	
0.8299	18761     	0.1690	0.2014	0.2253	0.2014	0.3308	0.1713	0.2804	0.4080	0.3022	0.2655	
0.8309	18651     	0.1655	0.1995	0.2241	0.1995	0.3325	0.1677	0.2776	0.4053	0.2995	0.2673	
0.8319	18541     	0.1645	0.1973	0.2214	0.1973	0.3342	0.1670	0.2748	0.4008	0.2963	0.2692	
0.8329	18431     	0.1620	0.1950	0.2188	0.1950	0.3362	0.1648	0.2723	0.3979	0.2938	0.2709	
0.8339	18321     	0.1596	0.1929	0.2167	0.1929	0.3381	0.1622	0.2697	0.3949	0.2912	0.2726	
0.8349	18211     	0.1572	0.1908	0.2146	0.1908	0.3399	0.1603	0.2669	0.3912	0.2883	0.2745	
0.8359	18101     	0.1565	0.1884	0.2111	0.1884	0.3420	0.1596	0.2644	0.3873	0.2854	0.2762	
0.8369	17991     	0.1532	0.1864	0.2096	0.1864	0.3438	0.1567	0.2618	0.3845	0.2828	0.2780	
0.8379	17881     	0.1524	0.1832	0.2042	0.1832	0.3465	0.1560	0.2600	0.3817	0.2808	0.2793	
0.8389	17771     	0.1494	0.1817	0.2040	0.1817	0.3479	0.1531	0.2566	0.3776	0.2773	0.2816	
0.8399	17661     	0.1482	0.1790	0.1999	0.1790	0.3504	0.1518	0.2543	0.3743	0.2748	0.2833	
0.8409	17551     	0.1451	0.1772	0.1992	0.1772	0.3521	0.1489	0.2510	0.3702	0.2715	0.2855	
0.8419	17441     	0.1427	0.1752	0.1974	0.1752	0.3540	0.1465	0.2480	0.3663	0.2683	0.2877	
0.8428	17331     	0.1421	0.1731	0.1950	0.1731	0.3558	0.1460	0.2447	0.3605	0.2644	0.2902	
0.8438	17221     	0.1400	0.1709	0.1926	0.1709	0.3579	0.1442	0.2418	0.3567	0.2614	0.2922	
0.8448	17111     	0.1380	0.1688	0.1905	0.1688	0.3599	0.1420	0.2388	0.3525	0.2582	0.2945	
0.8458	17001     	0.1356	0.1667	0.1883	0.1667	0.3620	0.1400	0.2360	0.3487	0.2552	0.2965	
0.8468	16891     	0.1341	0.1641	0.1849	0.1641	0.3644	0.1383	0.2334	0.3450	0.2524	0.2985	
0.8478	16781     	0.1308	0.1625	0.1847	0.1625	0.3661	0.1353	0.2299	0.3405	0.2488	0.3011	
0.8488	16671     	0.1304	0.1597	0.1800	0.1597	0.3688	0.1348	0.2276	0.3367	0.2462	0.3029	
0.8498	16561     	0.1272	0.1580	0.1795	0.1580	0.3706	0.1318	0.2241	0.3323	0.2426	0.3056	
0.8508	16451     	0.1260	0.1553	0.1755	0.1553	0.3733	0.1304	0.2217	0.3288	0.2400	0.3074	
0.8518	16341     	0.1236	0.1538	0.1754	0.1538	0.3748	0.1285	0.2178	0.3227	0.2357	0.3105	
0.8528	16231     	0.1218	0.1518	0.1734	0.1518	0.3769	0.1261	0.2147	0.3186	0.2324	0.3130	
0.8538	16121     	0.1199	0.1495	0.1708	0.1495	0.3793	0.1246	0.2118	0.3142	0.2292	0.3154	
0.8548	16011     	0.1177	0.1475	0.1689	0.1475	0.3814	0.1224	0.2087	0.3100	0.2259	0.3179	
0.8558	15901     	0.1154	0.1450	0.1661	0.1450	0.3841	0.1203	0.2061	0.3067	0.2233	0.3200	
0.8568	15791     	0.1137	0.1431	0.1642	0.1431	0.3862	0.1190	0.2028	0.3015	0.2196	0.3228	
0.8578	15681     	0.1105	0.1412	0.1632	0.1412	0.3883	0.1160	0.1996	0.2975	0.2163	0.3255	
0.8588	15571     	0.1096	0.1385	0.1593	0.1385	0.3913	0.1154	0.1970	0.2933	0.2134	0.3277	
0.8598	15461     	0.1060	0.1367	0.1589	0.1367	0.3934	0.1128	0.1935	0.2885	0.2096	0.3307	
0.8608	15351     	0.1060	0.1341	0.1546	0.1341	0.3962	0.1127	0.1908	0.2836	0.2064	0.3331	
0.8618	15241     	0.1032	0.1325	0.1546	0.1325	0.3981	0.1106	0.1869	0.2778	0.2021	0.3366	
0.8628	15131     	0.1031	0.1298	0.1504	0.1298	0.4011	0.1105	0.1841	0.2728	0.1988	0.3391	
0.8638	15021     	0.0996	0.1283	0.1503	0.1283	0.4030	0.1079	0.1803	0.2674	0.1948	0.3426	
0.8648	14911     	0.0990	0.1261	0.1479	0.1261	0.4055	0.1074	0.1768	0.2612	0.1907	0.3459	
0.8658	14801     	0.0960	0.1237	0.1456	0.1237	0.4085	0.1053	0.1740	0.2573	0.1878	0.3484	
0.8668	14691     	0.0935	0.1213	0.1432	0.1213	0.4115	0.1035	0.1711	0.2532	0.1847	0.3512	
0.8678	14581     	0.0925	0.1185	0.1390	0.1185	0.4149	0.1028	0.1685	0.2490	0.1817	0.3537	
0.8688	14471     	0.0892	0.1170	0.1390	0.1170	0.4169	0.1002	0.1646	0.2435	0.1775	0.3575	
0.8698	14361     	0.0891	0.1144	0.1350	0.1144	0.4201	0.1001	0.1616	0.2382	0.1739	0.3606	
0.8708	14251     	0.0858	0.1126	0.1347	0.1126	0.4225	0.0977	0.1579	0.2331	0.1699	0.3643	
0.8718	14141     	0.0839	0.1104	0.1326	0.1104	0.4254	0.0962	0.1545	0.2277	0.1661	0.3678	
0.8728	14031     	0.0806	0.1073	0.1285	0.1073	0.4296	0.0939	0.1526	0.2258	0.1643	0.3697	
0.8738	13921     	0.0803	0.1056	0.1270	0.1056	0.4318	0.0936	0.1483	0.2185	0.1593	0.3744	
0.8748	13811     	0.0761	0.1032	0.1253	0.1032	0.4354	0.0905	0.1455	0.2153	0.1565	0.3773	
0.8758	13701     	0.0760	0.1007	0.1216	0.1007	0.4387	0.0903	0.1423	0.2097	0.1527	0.3809	
0.8768	13591     	0.0728	0.0992	0.1216	0.0992	0.4411	0.0878	0.1382	0.2037	0.1482	0.3855	
0.8778	13481     	0.0713	0.0963	0.1175	0.0963	0.4452	0.0868	0.1355	0.1997	0.1453	0.3885	
0.8788	13371     	0.0696	0.0942	0.1156	0.0942	0.4482	0.0854	0.1318	0.1938	0.1411	0.3929	
0.8798	13261     	0.0668	0.0918	0.1133	0.0918	0.4520	0.0834	0.1287	0.1895	0.1378	0.3965	
0.8808	13151     	0.0637	0.0896	0.1116	0.0896	0.4556	0.0811	0.1254	0.1848	0.1343	0.4005	
0.8817	13041     	0.0637	0.0874	0.1087	0.0874	0.4588	0.0811	0.1216	0.1779	0.1297	0.4054	
0.8827	12931     	0.0606	0.0852	0.1070	0.0852	0.4625	0.0788	0.1182	0.1731	0.1260	0.4097	
0.8837	12821     	0.0575	0.0827	0.1046	0.0827	0.4668	0.0764	0.1151	0.1690	0.1228	0.4135	
0.8847	12711     	0.0575	0.0801	0.1007	0.0801	0.4709	0.0763	0.1116	0.1625	0.1186	0.4183	
0.8857	12601     	0.0545	0.0784	0.1003	0.0784	0.4741	0.0741	0.1074	0.1563	0.1141	0.4239	
0.8867	12491     	0.0514	0.0761	0.0984	0.0761	0.4783	0.0717	0.1040	0.1515	0.1104	0.4286	
0.8877	12381     	0.0490	0.0731	0.0945	0.0731	0.4838	0.0700	0.1014	0.1479	0.1077	0.4323	
0.8887	12271     	0.0486	0.0710	0.0922	0.0710	0.4873	0.0696	0.0972	0.1404	0.1027	0.4387	
0.8897	12161     	0.0456	0.0688	0.0906	0.0688	0.4917	0.0674	0.0935	0.1351	0.0988	0.4441	
0.8907	12051     	0.0432	0.0668	0.0891	0.0668	0.4959	0.0656	0.0896	0.1290	0.0944	0.4502	
0.8917	11941     	0.0403	0.0640	0.0861	0.0640	0.5017	0.0634	0.0867	0.1251	0.0914	0.4548	
0.8927	11831     	0.0403	0.0614	0.0823	0.0614	0.5066	0.0634	0.0830	0.1182	0.0869	0.4613	
0.8937	11721     	0.0374	0.0595	0.0814	0.0595	0.5111	0.0611	0.0788	0.1117	0.0823	0.4685	
0.8947	11611     	0.0345	0.0570	0.0789	0.0570	0.5169	0.0585	0.0750	0.1060	0.0783	0.4750	
0.8957	11501     	0.0321	0.0541	0.0753	0.0541	0.5238	0.0562	0.0717	0.1009	0.0748	0.4810	
0.8967	11391     	0.0311	0.0513	0.0715	0.0513	0.5301	0.0544	0.0677	0.0936	0.0702	0.4887	
0.8977	11281     	0.0283	0.0489	0.0692	0.0489	0.5366	0.0512	0.0636	0.0871	0.0658	0.4967	
0.8987	11171     	0.0262	0.0460	0.0655	0.0460	0.5444	0.0483	0.0599	0.0810	0.0618	0.5043	
0.8997	11061     	0.0226	0.0438	0.0643	0.0438	0.5512	0.0449	0.0553	0.0739	0.0569	0.5142	
0.9007	10951     	0.0218	0.0408	0.0599	0.0408	0.5596	0.0413	0.0514	0.0665	0.0524	0.5237	
0.9017	10841     	0.0189	0.0382	0.0573	0.0382	0.5684	0.0382	0.0472	0.0598	0.0479	0.5340	
0.9027	10731     	0.0164	0.0355	0.0545	0.0355	0.5778	0.0348	0.0429	0.0526	0.0432	0.5456	
0.9037	10621     	0.0136	0.0335	0.0536	0.0335	0.5856	0.0305	0.0374	0.0432	0.0372	0.5619	
0.9047	10511     	0.0099	0.0317	0.0536	0.0317	0.5944	0.0262	0.0316	0.0350	0.0309	0.5813	
0.9057	10401     	0.0073	0.0301	0.0536	0.0301	0.6029	0.0211	0.0253	0.0326	0.0239	0.6081	
0.9067	10291     	0.0043	0.0283	0.0536	0.0283	0.6147	0.0112	0.0190	0.0298	0.0169	0.6443	
0.9077	10181     	0.0043	0.0278	0.0536	0.0278	0.6162	0.0057	0.0163	0.0297	0.0136	0.6706	
0.9087	10071     	0.0043	0.0278	0.0536	0.0278	0.6162	0.0057	0.0163	0.0297	0.0136	0.6707	
0.9097	9961      	0.0043	0.0278	0.0536	0.0278	0.6162	0.0057	0.0163	0.0297	0.0136	0.6707	
0.9107	9851      	0.0043	0.0278	0.0536	0.0278	0.6163	0.0057	0.0163	0.0297	0.0136	0.6708	
0.9117	9741      	0.0043	0.0277	0.0536	0.0277	0.6164	0.0057	0.0163	0.0297	0.0136	0.6709	
0.9127	9631      	0.0043	0.0277	0.0535	0.0277	0.6166	0.0057	0.0163	0.0297	0.0136	0.6710	
0.9137	9521      	0.0043	0.0276	0.0534	0.0276	0.6168	0.0056	0.0163	0.0297	0.0136	0.6711	
0.9147	9411      	0.0043	0.0275	0.0533	0.0275	0.6170	0.0056	0.0163	0.0297	0.0136	0.6712	
0.9157	9301      	0.0043	0.0274	0.0531	0.0274	0.6174	0.0056	0.0162	0.0297	0.0136	0.6713	
0.9167	9191      	0.0043	0.0273	0.0529	0.0273	0.6177	0.0056	0.0162	0.0297	0.0135	0.6715	
0.9177	9081      	0.0043	0.0272	0.0527	0.0272	0.6181	0.0056	0.0162	0.0297	0.0135	0.6716	
0.9187	8971      	0.0043	0.0271	0.0525	0.0271	0.6185	0.0056	0.0162	0.0297	0.0135	0.6717	
0.9197	8861      	0.0043	0.0269	0.0522	0.0269	0.6189	0.0056	0.0162	0.0297	0.0135	0.6719	
0.9206	8751      	0.0043	0.0268	0.0520	0.0268	0.6194	0.0056	0.0162	0.0297	0.0135	0.6720	
0.9216	8641      	0.0043	0.0266	0.0518	0.0266	0.6198	0.0055	0.0162	0.0297	0.0134	0.6722	
0.9226	8531      	0.0043	0.0265	0.0517	0.0265	0.6202	0.0055	0.0161	0.0297	0.0134	0.6725	
0.9236	8421      	0.0043	0.0264	0.0516	0.0264	0.6204	0.0055	0.0161	0.0296	0.0133	0.6728	
0.9246	8311      	0.0043	0.0264	0.0514	0.0264	0.6207	0.0055	0.0160	0.0295	0.0133	0.6732	
0.9256	8201      	0.0043	0.0263	0.0513	0.0263	0.6209	0.0055	0.0159	0.0294	0.0132	0.6736	
0.9266	8091      	0.0043	0.0262	0.0513	0.0262	0.6211	0.0054	0.0159	0.0294	0.0132	0.6740	
0.9276	7981      	0.0043	0.0262	0.0511	0.0262	0.6214	0.0054	0.0158	0.0293	0.0131	0.6745	
0.9286	7871      	0.0043	0.0261	0.0510	0.0261	0.6216	0.0054	0.0157	0.0292	0.0130	0.6749	
0.9296	7761      	0.0043	0.0260	0.0510	0.0260	0.6220	0.0054	0.0157	0.0291	0.0130	0.6753	
0.9306	7651      	0.0043	0.0259	0.0508	0.0259	0.6223	0.0054	0.0156	0.0290	0.0129	0.6757	
0.9316	7541      	0.0043	0.0258	0.0506	0.0258	0.6227	0.0053	0.0155	0.0289	0.0129	0.6761	
0.9326	7431      	0.0043	0.0256	0.0505	0.0256	0.6231	0.0053	0.0155	0.0289	0.0128	0.6766	
0.9336	7321      	0.0042	0.0255	0.0503	0.0255	0.6235	0.0053	0.0154	0.0288	0.0127	0.6770	
0.9346	7211      	0.0042	0.0254	0.0501	0.0254	0.6240	0.0053	0.0153	0.0287	0.0127	0.6775	
0.9356	7101      	0.0042	0.0252	0.0500	0.0252	0.6245	0.0052	0.0153	0.0286	0.0126	0.6779	
0.9366	6991      	0.0042	0.0251	0.0497	0.0251	0.6250	0.0052	0.0152	0.0285	0.0125	0.6784	
0.9376	6881      	0.0042	0.0249	0.0496	0.0249	0.6255	0.0052	0.0151	0.0284	0.0124	0.6789	
0.9386	6771      	0.0042	0.0247	0.0493	0.0247	0.6261	0.0052	0.0150	0.0283	0.0124	0.6794	
0.9396	6661      	0.0042	0.0246	0.0491	0.0246	0.6267	0.0051	0.0150	0.0282	0.0123	0.6799	
0.9406	6551      	0.0042	0.0244	0.0489	0.0244	0.6273	0.0051	0.0149	0.0281	0.0122	0.6804	
0.9416	6441      	0.0042	0.0242	0.0486	0.0242	0.6281	0.0051	0.0148	0.0280	0.0122	0.6809	
0.9426	6331      	0.0042	0.0240	0.0482	0.0240	0.6289	0.0051	0.0147	0.0279	0.0121	0.6815	
0.9436	6221      	0.0042	0.0237	0.0478	0.0237	0.6297	0.0050	0.0146	0.0278	0.0120	0.6820	
0.9446	6111      	0.0042	0.0235	0.0475	0.0235	0.6304	0.0050	0.0145	0.0277	0.0119	0.6826	
0.9456	6001      	0.0042	0.0233	0.0472	0.0233	0.6312	0.0050	0.0145	0.0275	0.0119	0.6831	
0.9466	5891      	0.0042	0.0231	0.0468	0.0231	0.6321	0.0049	0.0144	0.0274	0.0118	0.6837	
0.9476	5781      	0.0042	0.0228	0.0464	0.0228	0.6329	0.0049	0.0143	0.0273	0.0117	0.6843	
0.9486	5671      	0.0042	0.0226	0.0461	0.0226	0.6338	0.0049	0.0142	0.0272	0.0116	0.6849	
0.9496	5561      	0.0042	0.0223	0.0457	0.0223	0.6347	0.0048	0.0141	0.0270	0.0115	0.6856	
0.9506	5451      	0.0042	0.0221	0.0452	0.0221	0.6357	0.0048	0.0140	0.0268	0.0114	0.6863	
0.9516	5341      	0.0042	0.0218	0.0448	0.0218	0.6366	0.0048	0.0139	0.0266	0.0113	0.6870	
0.9526	5231      	0.0042	0.0216	0.0444	0.0216	0.6376	0.0047	0.0137	0.0265	0.0112	0.6877	
0.9536	5121      	0.0042	0.0213	0.0440	0.0213	0.6387	0.0047	0.0136	0.0263	0.0111	0.6885	
0.9546	5011      	0.0042	0.0210	0.0434	0.0210	0.6398	0.0047	0.0135	0.0260	0.0110	0.6893	
0.9556	4901      	0.0041	0.0207	0.0430	0.0207	0.6409	0.0046	0.0134	0.0258	0.0109	0.6901	
0.9566	4791      	0.0041	0.0204	0.0425	0.0204	0.6421	0.0046	0.0133	0.0256	0.0108	0.6909	
0.9576	4681      	0.0041	0.0201	0.0419	0.0201	0.6434	0.0045	0.0131	0.0254	0.0107	0.6917	
0.9586	4571      	0.0041	0.0198	0.0412	0.0198	0.6448	0.0045	0.0130	0.0251	0.0105	0.6926	
0.9595	4461      	0.0041	0.0195	0.0407	0.0195	0.6461	0.0044	0.0128	0.0249	0.0104	0.6935	
0.9605	4351      	0.0041	0.0191	0.0401	0.0191	0.6475	0.0044	0.0127	0.0246	0.0103	0.6944	
0.9615	4241      	0.0041	0.0188	0.0394	0.0188	0.6490	0.0044	0.0125	0.0243	0.0102	0.6954	
0.9625	4131      	0.0041	0.0184	0.0387	0.0184	0.6505	0.0043	0.0123	0.0239	0.0100	0.6964	
0.9635	4021      	0.0041	0.0181	0.0380	0.0181	0.6521	0.0043	0.0122	0.0236	0.0099	0.6973	
0.9645	3911      	0.0040	0.0177	0.0373	0.0177	0.6537	0.0042	0.0120	0.0232	0.0097	0.6984	
0.9655	3801      	0.0040	0.0174	0.0367	0.0174	0.6553	0.0042	0.0118	0.0227	0.0096	0.6995	
0.9665	3691      	0.0040	0.0170	0.0361	0.0170	0.6569	0.0042	0.0116	0.0224	0.0094	0.7006	
0.9675	3581      	0.0040	0.0167	0.0353	0.0167	0.6585	0.0041	0.0114	0.0220	0.0093	0.7017	
0.9685	3471      	0.0040	0.0163	0.0346	0.0163	0.6603	0.0041	0.0112	0.0217	0.0091	0.7027	
0.9695	3361      	0.0040	0.0159	0.0338	0.0159	0.6622	0.0041	0.0111	0.0214	0.0090	0.7038	
0.9705	3251      	0.0039	0.0155	0.0330	0.0155	0.6641	0.0040	0.0109	0.0210	0.0088	0.7051	
0.9715	3141      	0.0039	0.0151	0.0322	0.0151	0.6660	0.0040	0.0107	0.0206	0.0087	0.7064	
0.9725	3031      	0.0039	0.0148	0.0314	0.0148	0.6679	0.0039	0.0105	0.0202	0.0085	0.7077	
0.9735	2921      	0.0039	0.0143	0.0305	0.0143	0.6701	0.0039	0.0102	0.0198	0.0083	0.7091	
0.9745	2811      	0.0038	0.0139	0.0294	0.0139	0.6726	0.0038	0.0100	0.0194	0.0082	0.7105	
0.9755	2701      	0.0038	0.0135	0.0287	0.0135	0.6749	0.0038	0.0098	0.0189	0.0080	0.7120	
0.9765	2591      	0.0038	0.0130	0.0275	0.0130	0.6775	0.0037	0.0096	0.0185	0.0078	0.7135	
0.9775	2481      	0.0037	0.0125	0.0266	0.0125	0.6801	0.0037	0.0094	0.0180	0.0076	0.7153	
0.9785	2371      	0.0037	0.0121	0.0256	0.0121	0.6829	0.0036	0.0091	0.0176	0.0074	0.7170	
0.9795	2261      	0.0036	0.0116	0.0244	0.0116	0.6860	0.0035	0.0089	0.0171	0.0073	0.7187	
0.9805	2151      	0.0036	0.0111	0.0234	0.0111	0.6890	0.0034	0.0086	0.0166	0.0070	0.7206	
0.9815	2041      	0.0035	0.0106	0.0223	0.0106	0.6924	0.0034	0.0084	0.0162	0.0068	0.7226	
0.9825	1931      	0.0034	0.0101	0.0211	0.0101	0.6959	0.0033	0.0081	0.0157	0.0066	0.7246	
0.9835	1821      	0.0034	0.0096	0.0200	0.0096	0.6995	0.0032	0.0079	0.0152	0.0064	0.7270	
0.9845	1711      	0.0033	0.0090	0.0188	0.0090	0.7034	0.0031	0.0076	0.0146	0.0062	0.7294	
0.9855	1601      	0.0032	0.0085	0.0177	0.0085	0.7075	0.0030	0.0073	0.0141	0.0060	0.7320	
0.9865	1491      	0.0031	0.0080	0.0165	0.0080	0.7117	0.0029	0.0070	0.0135	0.0057	0.7348	
0.9875	1381      	0.0030	0.0075	0.0154	0.0075	0.7162	0.0028	0.0067	0.0128	0.0054	0.7380	
0.9885	1271      	0.0029	0.0069	0.0142	0.0069	0.7211	0.0027	0.0063	0.0122	0.0052	0.7414	
0.9895	1161      	0.0028	0.0064	0.0130	0.0064	0.7266	0.0025	0.0060	0.0116	0.0049	0.7450	
0.9905	1051      	0.0027	0.0058	0.0117	0.0058	0.7326	0.0024	0.0056	0.0109	0.0046	0.7489	
0.9915	941       	0.0025	0.0052	0.0105	0.0052	0.7389	0.0022	0.0052	0.0101	0.0042	0.7537	
0.9925	831       	0.0024	0.0047	0.0093	0.0047	0.7458	0.0020	0.0048	0.0092	0.0039	0.7590	
0.9935	721       	0.0022	0.0041	0.0080	0.0041	0.7539	0.0018	0.0043	0.0083	0.0035	0.7649	
0.9945	611       	0.0020	0.0035	0.0067	0.0035	0.7627	0.0016	0.0038	0.0073	0.0031	0.7723	
0.9955	501       	0.0017	0.0029	0.0054	0.0029	0.7731	0.0014	0.0032	0.0062	0.0026	0.7813	
0.9965	391       	0.0013	0.0023	0.0042	0.0023	0.7857	0.0011	0.0026	0.0051	0.0021	0.7921	
0.9975	281       	0.0010	0.0017	0.0030	0.0017	0.8014	0.0009	0.0020	0.0038	0.0016	0.8064	
0.9984	171       	0.0006	0.0010	0.0018	0.0010	0.8233	0.0006	0.0013	0.0025	0.0010	0.8263	
0.9994	61        	0.0002	0.0004	0.0007	0.0004	0.8612	0.0002	0.0005	0.0010	0.0004	0.8618	
1.0000	0         	0.0000	0.0000	0.0000	0.0000	0.9998	0.0000	0.0000	0.0000	0.0000	1.0000	
